0	4.800000
1	13.466667
2	5.533333
3	3.666667
4	6.000000
5	7.466667
6	20.933333
7	7.800000
8	12.066667
9	3.133333
10	16.666667
11	5.733333
12	9.733333
13	2.600000
14	10.933333
15	1.466667
16	2.466667
17	10.266667
18	13.466667
19	8.600000
20	8.066667
21	3.000000
22	3.866667
23	13.200000
24	14.333333
25	5.933333
26	3.933333
27	9.266667
28	2.533333
29	1.000000
30	8.133333
31	15.066667
32	14.266667
33	5.466667
34	7.000000
35	5.800000
36	10.800000
37	1.533333
38	10.400000
39	2.733333
40	10.333333
41	10.400000
42	5.733333
43	8.800000
44	1.933333
45	6.466667
46	13.600000
47	8.400000
48	3.066667
49	8.200000
50	22.933333
51	9.466667
52	1.400000
53	26.466667
54	6.266667
55	6.533333
56	0.733333
57	6.733333
58	5.666667
59	7.133333
60	19.200000
61	8.533333
62	26.400000
63	7.400000
64	5.333333
65	3.933333
66	5.200000
67	8.466667
68	9.200000
69	11.666667
70	1.200000
71	26.200000
72	9.000000
73	3.866667
74	11.466667
75	13.066667
76	10.533333
77	0.000000
78	16.066667
79	11.666667
80	7.400000
81	0.933333
82	9.200000
83	21.066667
84	8.133333
85	2.533333
86	2.133333
87	4.600000
88	5.933333
89	10.666667
90	5.933333
91	4.266667
92	4.866667
93	16.066667
94	1.666667
95	9.533333
96	1.200000
97	11.533333
98	3.466667
99	7.333333
100	13.000000
101	-0.333333
102	10.400000
103	11.066667
104	13.533333
105	9.200000
106	9.200000
107	7.266667
108	9.533333
109	14.000000
110	8.733333
111	-0.733333
112	6.733333
113	12.200000
114	4.066667
115	2.666667
116	4.333333
117	7.333333
118	8.000000
119	15.266667
120	8.866667
121	13.400000
122	2.866667
123	3.933333
124	10.000000
125	3.133333
126	10.000000
127	10.133333
128	5.466667
129	4.533333
130	8.000000
131	1.933333
132	6.666667
133	4.333333
134	15.000000
135	9.666667
136	2.400000
137	2.666667
138	3.400000
139	1.533333
140	3.666667
141	2.400000
142	2.933333
143	9.666667
144	2.266667
145	1.800000
146	4.600000
147	2.133333
148	7.800000
149	10.933333
150	11.600000
151	1.533333
152	15.733333
153	6.333333
154	12.266667
155	9.066667
156	3.400000
157	1.666667
158	3.933333
159	1.066667
160	12.533333
161	3.800000
162	3.666667
163	5.000000
164	1.066667
165	1.066667
166	1.000000
167	11.866667
168	9.733333
169	9.200000
170	9.066667
171	10.000000
172	1.533333
173	14.066667
174	8.400000
175	8.133333
176	9.200000
177	-0.200000
178	2.133333
179	0.000000
180	7.733333
181	5.733333
182	5.600000
183	1.933333
184	2.666667
185	11.066667
186	5.133333
187	4.466667
188	2.600000
189	0.000000
190	0.933333
191	8.066667
192	-9.133333
193	9.866667
194	1.000000
195	2.666667
196	6.200000
197	27.266667
198	4.000000
199	0.000000
200	12.200000
201	4.666667
202	0.000000
203	5.800000
204	2.066667
205	4.533333
206	4.533333
207	8.000000
208	5.533333
209	19.933333
210	5.600000
211	5.066667
212	5.866667
213	3.533333
214	5.466667
215	1.866667
216	3.666667
217	32.200000
218	5.000000
219	3.866667
220	5.933333
221	2.666667
222	7.933333
223	4.933333
224	7.400000
225	9.133333
226	2.666667
227	4.600000
228	7.266667
229	3.000000
230	9.533333
231	1.800000
232	16.466667
233	6.200000
234	16.266667
235	5.000000
236	3.333333
237	8.933333
238	10.800000
239	5.133333
240	1.400000
241	0.800000
242	2.800000
243	6.800000
244	9.200000
245	8.333333
246	2.066667
247	3.000000
248	3.333333
249	2.800000
250	9.733333
251	4.533333
252	13.466667
253	10.800000
254	8.266667
255	2.066667
256	5.333333
257	10.400000
258	0.000000
259	1.866667
260	3.266667
261	2.733333
262	2.733333
263	17.000000
264	7.000000
265	6.000000
266	1.333333
267	7.666667
268	2.733333
269	8.066667
270	4.666667
271	3.466667
272	6.733333
273	8.866667
274	6.600000
275	15.666667
276	7.600000
277	3.333333
278	2.400000
279	2.933333
280	5.666667
281	6.800000
282	4.800000
283	8.000000
284	4.200000
285	13.000000
286	5.400000
287	2.400000
288	6.066667
289	13.333333
290	3.400000
291	2.000000
292	2.533333
293	-0.933333
294	14.866667
295	6.000000
296	6.666667
297	8.000000
298	0.933333
299	0.533333
300	7.333333
301	3.666667
302	17.733333
303	6.800000
304	2.800000
305	2.800000
306	4.866667
307	1.800000
308	3.866667
309	17.533333
310	4.266667
311	3.666667
312	7.133333
313	2.800000
314	14.933333
315	4.533333
316	8.400000
317	5.466667
318	0.333333
319	0.333333
320	11.000000
321	6.400000
322	4.666667
323	-1.000000
324	17.066667
325	7.266667
326	5.600000
327	5.600000
328	7.333333
329	3.800000
330	2.533333
331	8.400000
332	10.866667
333	-1.266667
334	2.133333
335	1.866667
336	0.933333
337	9.800000
338	26.200000
339	4.933333
340	3.666667
341	3.866667
342	3.866667
343	5.466667
344	7.933333
345	6.000000
346	9.400000
347	7.466667
348	9.400000
349	5.266667
350	1.000000
351	7.266667
352	8.133333
353	3.066667
354	1.666667
355	7.400000
356	5.133333
357	2.733333
358	1.600000
359	9.400000
360	3.800000
361	3.866667
362	4.666667
363	12.533333
364	1.133333
365	15.000000
366	5.066667
367	1.133333
368	1.133333
369	0.533333
370	1.133333
371	2.466667
372	1.866667
373	3.600000
374	1.400000
375	3.266667
376	1.400000
377	8.466667
378	2.200000
379	2.733333
380	5.266667
381	3.400000
382	16.600000
383	2.800000
384	1.933333
385	1.866667
386	5.800000
387	10.800000
388	11.466667
389	8.333333
390	1.600000
391	3.200000
392	3.266667
393	5.400000
394	7.600000
395	5.400000
396	5.400000
397	2.333333
398	1.466667
399	4.266667
400	0.733333
401	5.600000
402	1.066667
403	5.733333
404	5.800000
405	8.400000
406	0.733333
407	0.733333
408	5.666667
409	1.933333
410	8.200000
411	1.000000
412	7.000000
413	1.800000
414	7.466667
415	5.333333
416	10.000000
417	2.333333
418	2.333333
419	6.600000
420	0.400000
421	4.933333
422	5.333333
423	5.333333
424	8.533333
425	7.800000
426	2.200000
427	3.666667
428	8.200000
429	1.000000
430	3.533333
431	3.200000
432	3.733333
433	4.400000
434	4.933333
435	20.400000
436	1.733333
437	5.866667
438	6.866667
439	13.666667
440	3.533333
441	7.200000
442	2.666667
443	17.266667
444	17.400000
445	6.000000
446	24.266667
447	4.400000
448	9.400000
449	5.533333
450	13.400000
451	2.733333
452	5.533333
453	2.733333
454	7.733333
455	4.066667
456	18.933333
457	5.666667
458	-0.533333
459	-3.400000
460	7.066667
461	6.133333
462	6.200000
463	0.666667
464	20.800000
465	4.866667
466	4.200000
467	0.933333
468	9.733333
469	0.666667
470	0.666667
471	6.800000
472	0.000000
473	5.533333
474	4.600000
475	1.000000
476	4.800000
477	4.800000
478	5.733333
479	5.733333
480	6.400000
481	0.000000
482	0.000000
483	7.866667
484	8.333333
485	5.400000
486	4.266667
487	5.400000
488	6.000000
489	5.133333
490	6.133333
491	5.666667
492	4.933333
493	7.533333
494	9.466667
495	5.533333
496	4.933333
497	9.200000
498	7.933333
499	6.133333
500	6.133333
501	1.866667
502	6.133333
503	1.133333
504	5.133333
505	0.133333
506	0.000000
507	10.000000
508	1.666667
509	6.200000
510	9.000000
511	1.133333
512	0.133333
513	7.333333
514	-1.266667
515	8.533333
516	3.733333
517	13.800000
518	0.400000
519	3.333333
520	5.866667
521	10.866667
522	4.933333
523	10.000000
524	3.066667
525	6.600000
526	5.866667
527	5.733333
528	1.133333
529	8.733333
530	6.066667
531	4.666667
532	4.800000
533	4.266667
534	7.733333
535	14.533333
536	4.733333
537	3.600000
538	3.133333
539	2.933333
540	5.666667
541	2.933333
542	6.866667
543	3.733333
544	6.933333
545	3.733333
546	4.800000
547	5.133333
548	10.066667
549	12.266667
550	4.266667
551	6.333333
552	4.266667
553	4.800000
554	4.866667
555	7.400000
556	4.000000
557	4.266667
558	9.266667
559	25.800000
560	6.066667
561	9.800000
562	7.200000
563	2.800000
564	0.933333
565	2.800000
566	5.466667
567	4.400000
568	1.400000
569	1.400000
570	0.933333
571	2.733333
572	14.133333
573	4.466667
574	5.066667
575	4.133333
576	4.800000
577	4.800000
578	4.800000
579	5.533333
580	0.200000
581	2.800000
582	9.400000
583	6.000000
584	0.200000
585	5.466667
586	4.200000
587	6.133333
588	0.000000
589	10.733333
590	6.400000
591	21.000000
592	8.533333
593	2.333333
594	0.000000
595	2.600000
596	7.866667
597	0.600000
598	4.666667
599	1.000000
600	3.733333
601	2.733333
602	7.400000
603	4.066667
604	3.466667
605	9.066667
606	0.266667
607	2.800000
608	3.533333
609	0.000000
610	3.466667
611	4.533333
612	2.466667
613	0.000000
614	3.400000
615	0.000000
616	13.466667
617	0.933333
618	0.000000
619	2.933333
620	5.933333
621	9.400000
622	4.200000
623	1.533333
624	2.533333
625	1.866667
626	1.866667
627	1.800000
628	3.466667
629	2.466667
630	2.733333
631	2.733333
632	5.933333
633	4.600000
634	2.533333
635	9.200000
636	4.866667
637	2.200000
638	3.133333
639	9.933333
640	3.000000
641	2.133333
642	4.800000
643	2.600000
644	2.866667
645	3.733333
646	10.466667
647	3.866667
648	11.133333
649	2.600000
650	2.600000
651	0.000000
652	7.333333
653	0.000000
654	5.400000
655	11.200000
656	1.000000
657	2.933333
658	9.866667
659	1.200000
660	1.800000
661	0.000000
662	0.000000
663	2.600000
664	5.133333
665	5.133333
666	5.200000
667	2.666667
668	3.600000
669	2.533333
670	1.533333
671	13.666667
672	6.200000
673	1.866667
674	4.666667
675	1.866667
676	5.000000
677	2.666667
678	1.800000
679	0.866667
680	7.266667
681	1.400000
682	0.466667
683	12.333333
684	12.333333
685	5.600000
686	8.266667
687	7.666667
688	4.333333
689	2.866667
690	1.600000
691	1.600000
692	17.400000
693	3.866667
694	3.600000
695	11.800000
696	5.666667
697	2.800000
698	6.733333
699	3.466667
700	0.933333
701	1.933333
702	1.933333
703	1.933333
704	7.333333
705	1.466667
706	4.133333
707	2.066667
708	2.800000
709	-4.466667
710	6.600000
711	2.933333
712	5.533333
713	8.400000
714	3.800000
715	1.800000
716	4.733333
717	4.733333
718	2.800000
719	1.800000
720	4.266667
721	9.466667
722	2.800000
723	1.800000
724	3.533333
725	1.800000
726	2.800000
727	10.400000
728	1.933333
729	0.800000
730	6.066667
731	4.066667
732	3.933333
733	2.533333
734	7.466667
735	6.333333
736	1.800000
737	10.133333
738	11.733333
739	4.133333
740	0.800000
741	5.666667
742	0.800000
743	7.933333
744	6.400000
745	1.000000
746	5.933333
747	1.000000
748	6.866667
749	4.000000
750	1.066667
751	14.466667
752	5.333333
753	11.866667
754	1.200000
755	0.666667
756	7.866667
757	0.333333
758	6.133333
759	7.733333
760	2.933333
761	5.200000
762	-1.266667
763	5.000000
764	6.866667
765	7.400000
766	5.000000
767	6.200000
768	2.466667
769	3.066667
770	1.000000
771	2.333333
772	9.066667
773	1.400000
774	3.000000
775	7.533333
776	4.800000
777	7.400000
778	5.866667
779	21.800000
780	7.666667
781	2.066667
782	2.000000
783	0.933333
784	1.933333
785	9.133333
786	10.800000
787	5.733333
788	5.066667
789	8.800000
790	6.066667
791	1.733333
792	1.000000
793	6.600000
794	1.200000
795	1.866667
796	1.600000
797	1.866667
798	3.266667
799	25.933333
800	6.866667
801	0.333333
802	0.333333
803	0.800000
804	0.333333
805	3.333333
806	7.200000
807	7.666667
808	4.066667
809	12.133333
810	21.200000
811	0.000000
812	0.000000
813	6.533333
814	3.000000
815	0.400000
816	3.333333
817	5.066667
818	3.333333
819	7.400000
820	26.800000
821	8.666667
822	1.866667
823	3.666667
824	4.600000
825	2.066667
826	1.000000
827	8.066667
828	4.066667
829	1.000000
830	1.000000
831	6.600000
832	1.200000
833	2.266667
834	1.000000
835	12.733333
836	4.600000
837	0.400000
838	5.733333
839	2.533333
840	3.533333
841	16.066667
842	1.933333
843	0.133333
844	1.866667
845	8.800000
846	0.000000
847	4.866667
848	1.466667
849	3.800000
850	2.666667
851	4.000000
852	2.666667
853	1.866667
854	6.066667
855	0.933333
856	2.400000
857	0.733333
858	2.000000
859	7.800000
860	2.800000
861	5.466667
862	0.733333
863	1.400000
864	6.333333
865	3.600000
866	0.866667
867	2.866667
868	0.066667
869	0.066667
870	0.066667
871	0.066667
872	2.800000
873	14.200000
874	5.333333
875	5.333333
876	0.000000
877	5.600000
878	6.400000
879	1.933333
880	2.666667
881	1.266667
882	4.066667
883	12.666667
884	1.800000
885	2.200000
886	4.666667
887	8.000000
888	7.066667
889	2.666667
890	14.266667
891	4.733333
892	5.266667
893	5.266667
894	3.666667
895	4.933333
896	-1.600000
897	2.733333
898	1.533333
899	16.266667
900	2.466667
901	7.400000
902	6.266667
903	2.466667
904	6.866667
905	6.533333
906	6.533333
907	25.600000
908	4.000000
909	3.466667
910	6.133333
911	3.666667
912	16.200000
913	-0.133333
914	2.666667
915	3.133333
916	4.666667
917	1.533333
918	1.600000
919	2.666667
920	4.066667
921	2.266667
922	1.533333
923	10.800000
924	5.666667
925	6.600000
926	1.533333
927	2.333333
928	5.600000
929	9.666667
930	4.600000
931	13.000000
932	8.266667
933	3.666667
934	5.600000
935	9.200000
936	1.933333
937	6.333333
938	2.466667
939	4.666667
940	1.733333
941	1.800000
942	3.066667
943	1.600000
944	1.400000
945	2.866667
946	3.533333
947	0.066667
948	2.600000
949	4.066667
950	1.533333
951	6.200000
952	2.933333
953	4.866667
954	10.733333
955	2.333333
956	4.133333
957	4.133333
958	0.800000
959	4.466667
960	0.000000
961	0.733333
962	5.533333
963	2.600000
964	3.266667
965	3.533333
966	2.533333
967	2.800000
968	2.800000
969	2.800000
970	1.466667
971	1.600000
972	4.866667
973	2.133333
974	0.533333
975	2.133333
976	2.866667
977	1.600000
978	1.000000
979	0.333333
980	1.266667
981	1.933333
982	0.000000
983	5.066667
984	4.866667
985	4.733333
986	13.800000
987	9.733333
988	0.800000
989	2.733333
990	0.800000
991	0.000000
992	3.600000
993	0.000000
994	4.400000
995	6.733333
996	6.066667
997	4.533333
998	6.266667
999	2.733333
1000	11.400000
1001	20.000000
1002	0.733333
1003	3.800000
1004	1.000000
1005	2.133333
1006	2.066667
1007	5.733333
1008	4.200000
1009	1.866667
1010	3.266667
1011	7.200000
1012	10.400000
1013	7.000000
1014	3.933333
1015	14.733333
1016	3.333333
1017	8.866667
1018	5.400000
1019	3.000000
1020	0.333333
1021	8.800000
1022	0.666667
1023	8.466667
1024	5.266667
1025	3.733333
1026	5.533333
1027	2.866667
1028	1.000000
1029	1.000000
1030	6.866667
1031	2.333333
1032	5.933333
1033	4.333333
1034	4.533333
1035	5.533333
1036	7.800000
1037	0.533333
1038	2.400000
1039	0.533333
1040	0.533333
1041	1.133333
1042	0.000000
1043	3.600000
1044	3.866667
1045	10.000000
1046	9.666667
1047	3.066667
1048	8.333333
1049	7.866667
1050	6.266667
1051	8.533333
1052	3.333333
1053	3.600000
1054	5.800000
1055	4.800000
1056	5.733333
1057	2.266667
1058	5.666667
1059	7.000000
1060	6.733333
1061	6.666667
1062	7.266667
1063	4.933333
1064	8.933333
1065	3.533333
1066	3.533333
1067	1.000000
1068	4.466667
1069	1.866667
1070	1.933333
1071	5.200000
1072	1.600000
1073	1.600000
1074	1.133333
1075	9.133333
1076	6.666667
1077	8.133333
1078	16.733333
1079	12.933333
1080	14.933333
1081	4.533333
1082	6.866667
1083	22.066667
1084	7.733333
1085	0.933333
1086	2.333333
1087	6.533333
1088	8.600000
1089	0.933333
1090	2.266667
1091	5.133333
1092	-7.066667
1093	2.933333
1094	0.800000
1095	13.533333
1096	7.133333
1097	5.200000
1098	13.533333
1099	1.000000
1100	5.200000
1101	6.066667
1102	7.200000
1103	3.400000
1104	16.266667
1105	7.000000
1106	5.266667
1107	0.800000
1108	0.800000
1109	4.600000
1110	3.866667
1111	7.333333
1112	3.333333
1113	5.866667
1114	2.866667
1115	0.800000
1116	1.600000
1117	5.466667
1118	8.466667
1119	0.666667
1120	1.800000
1121	4.666667
1122	7.933333
1123	5.000000
1124	3.133333
1125	4.266667
1126	5.000000
1127	3.733333
1128	3.933333
1129	3.133333
1130	3.133333
1131	5.066667
1132	3.666667
1133	4.200000
1134	2.466667
1135	4.933333
1136	4.933333
1137	1.466667
1138	1.666667
1139	-1.466667
1140	5.866667
1141	5.866667
1142	9.000000
1143	5.866667
1144	8.333333
1145	1.066667
1146	5.666667
1147	1.733333
1148	5.466667
1149	0.800000
1150	9.400000
1151	9.933333
1152	3.733333
1153	3.200000
1154	4.000000
1155	9.733333
1156	3.333333
1157	6.733333
1158	5.466667
1159	10.400000
1160	1.800000
1161	8.866667
1162	2.200000
1163	20.333333
1164	0.266667
1165	0.666667
1166	9.733333
1167	2.466667
1168	4.466667
1169	8.333333
1170	5.800000
1171	0.600000
1172	4.800000
1173	4.800000
1174	2.866667
1175	5.866667
1176	6.200000
1177	6.200000
1178	6.200000
1179	2.400000
1180	14.200000
1181	6.666667
1182	5.066667
1183	2.133333
1184	6.200000
1185	5.400000
1186	5.066667
1187	6.200000
1188	6.200000
1189	0.466667
1190	6.266667
1191	2.600000
1192	0.000000
1193	0.533333
1194	0.800000
1195	3.666667
1196	0.000000
1197	8.666667
1198	2.933333
1199	2.933333
1200	2.466667
1201	6.066667
1202	5.733333
1203	9.266667
1204	8.733333
1205	5.466667
1206	1.933333
1207	10.133333
1208	0.000000
1209	5.066667
1210	-0.400000
1211	3.800000
1212	3.066667
1213	4.600000
1214	5.066667
1215	3.733333
1216	4.000000
1217	5.600000
1218	3.066667
1219	4.000000
1220	3.066667
1221	4.600000
1222	7.000000
1223	3.066667
1224	4.000000
1225	4.000000
1226	3.066667
1227	7.533333
1228	3.066667
1229	1.466667
1230	6.400000
1231	1.666667
1232	2.933333
1233	0.733333
1234	2.466667
1235	1.733333
1236	2.600000
1237	4.066667
1238	5.733333
1239	1.600000
1240	4.200000
1241	11.066667
1242	17.200000
1243	7.866667
1244	0.933333
1245	4.000000
1246	5.266667
1247	1.000000
1248	4.266667
1249	5.066667
1250	1.000000
1251	3.266667
1252	4.333333
1253	0.666667
1254	0.666667
1255	0.666667
1256	2.066667
1257	0.000000
1258	0.000000
1259	2.666667
1260	1.800000
1261	1.666667
1262	1.200000
1263	1.133333
1264	3.666667
1265	7.933333
1266	3.800000
1267	0.800000
1268	4.266667
1269	5.000000
1270	6.533333
1271	3.000000
1272	0.733333
1273	0.733333
1274	0.933333
1275	6.466667
1276	3.933333
1277	13.133333
1278	4.200000
1279	0.600000
1280	0.600000
1281	1.933333
1282	10.466667
1283	6.733333
1284	6.466667
1285	4.800000
1286	2.133333
1287	6.533333
1288	1.800000
1289	1.800000
1290	2.600000
1291	7.266667
1292	3.866667
1293	-0.066667
1294	1.000000
1295	0.000000
1296	4.133333
1297	1.333333
1298	2.533333
1299	0.200000
1300	2.333333
1301	0.000000
1302	7.200000
1303	0.000000
1304	5.800000
1305	1.666667
1306	1.200000
1307	7.866667
1308	2.066667
1309	6.666667
1310	9.266667
1311	2.466667
1312	2.866667
1313	2.200000
1314	1.933333
1315	3.000000
1316	0.600000
1317	1.600000
1318	6.066667
1319	6.066667
1320	1.000000
1321	4.533333
1322	3.933333
1323	1.000000
1324	2.000000
1325	0.000000
1326	4.933333
1327	4.066667
1328	4.600000
1329	9.333333
1330	6.800000
1331	4.800000
1332	0.933333
1333	4.400000
1334	2.933333
1335	5.666667
1336	0.933333
1337	0.000000
1338	0.733333
1339	0.000000
1340	0.000000
1341	1.000000
1342	1.000000
1343	0.000000
1344	0.800000
1345	5.266667
1346	5.800000
1347	0.333333
1348	12.200000
1349	1.266667
1350	0.266667
1351	0.533333
1352	5.600000
1353	4.200000
1354	1.666667
1355	6.200000
1356	10.733333
1357	9.200000
1358	3.000000
1359	6.866667
1360	6.000000
1361	1.933333
1362	6.266667
1363	0.733333
1364	0.400000
1365	4.600000
1366	4.600000
1367	16.800000
1368	0.133333
1369	3.600000
1370	4.666667
1371	0.133333
1372	19.733333
1373	7.400000
1374	2.066667
1375	5.666667
1376	1.400000
1377	14.466667
1378	4.066667
1379	6.733333
1380	10.600000
1381	3.266667
1382	4.200000
1383	3.600000
1384	1.066667
1385	3.533333
1386	3.400000
1387	0.000000
1388	0.933333
1389	6.200000
1390	0.800000
1391	0.800000
1392	3.333333
1393	0.000000
1394	3.400000
1395	0.666667
1396	0.666667
1397	0.000000
1398	5.133333
1399	-0.400000
1400	0.000000
1401	0.000000
1402	0.000000
1403	1.866667
1404	6.266667
1405	0.600000
1406	1.600000
1407	4.400000
1408	6.200000
1409	3.666667
1410	0.000000
1411	2.333333
1412	7.800000
1413	13.200000
1414	6.933333
1415	6.733333
1416	3.600000
1417	2.733333
1418	2.733333
1419	2.733333
1420	2.733333
1421	2.266667
1422	4.733333
1423	2.733333
1424	4.066667
1425	8.933333
1426	3.600000
1427	3.600000
1428	0.466667
1429	3.466667
1430	2.200000
1431	0.866667
1432	0.866667
1433	4.933333
1434	0.000000
1435	0.000000
1436	6.466667
1437	1.333333
1438	3.866667
1439	1.733333
1440	2.333333
1441	3.266667
1442	1.733333
1443	5.333333
1444	4.133333
1445	1.733333
1446	0.800000
1447	2.400000
1448	1.266667
1449	1.000000
1450	0.600000
1451	3.000000
1452	1.533333
1453	5.200000
1454	0.800000
1455	5.333333
1456	19.200000
1457	1.733333
1458	3.666667
1459	2.733333
1460	9.400000
1461	2.066667
1462	5.733333
1463	4.533333
1464	1.000000
1465	7.933333
1466	8.933333
1467	8.133333
1468	8.133333
1469	1.266667
1470	1.200000
1471	1.200000
1472	2.466667
1473	6.266667
1474	5.400000
1475	3.733333
1476	2.866667
1477	1.933333
1478	5.600000
1479	4.133333
1480	3.066667
1481	6.000000
1482	3.866667
1483	3.466667
1484	1.933333
1485	6.066667
1486	2.266667
1487	2.266667
1488	2.133333
1489	2.266667
1490	1.666667
1491	4.466667
1492	5.666667
1493	3.533333
1494	8.133333
1495	1.133333
1496	1.933333
1497	5.866667
1498	1.133333
1499	1.400000
1500	1.133333
1501	3.600000
1502	1.533333
1503	6.400000
1504	6.133333
1505	4.266667
1506	8.200000
1507	0.533333
1508	0.600000
1509	0.600000
1510	3.866667
1511	4.733333
1512	9.133333
1513	3.866667
1514	3.600000
1515	4.266667
1516	10.800000
1517	3.666667
1518	1.866667
1519	0.866667
1520	3.733333
1521	0.466667
1522	-0.466667
1523	2.733333
1524	2.800000
1525	3.066667
1526	0.600000
1527	0.866667
1528	7.866667
1529	3.000000
1530	1.733333
1531	2.866667
1532	5.333333
1533	3.733333
1534	7.000000
1535	3.066667
1536	4.066667
1537	6.533333
1538	3.400000
1539	2.933333
1540	14.866667
1541	4.000000
1542	8.466667
1543	4.400000
1544	3.666667
1545	3.933333
1546	4.800000
1547	7.133333
1548	2.400000
1549	5.333333
1550	1.666667
1551	1.133333
1552	-3.600000
1553	16.733333
1554	4.666667
1555	5.933333
1556	1.666667
1557	19.000000
1558	12.533333
1559	5.533333
1560	0.600000
1561	1.000000
1562	1.000000
1563	8.533333
1564	0.666667
1565	10.666667
1566	0.933333
1567	12.533333
1568	0.933333
1569	1.866667
1570	0.933333
1571	0.666667
1572	1.933333
1573	5.200000
1574	2.466667
1575	0.866667
1576	2.466667
1577	1.933333
1578	0.333333
1579	0.333333
1580	4.400000
1581	7.866667
1582	0.000000
1583	6.866667
1584	0.000000
1585	0.000000
1586	0.000000
1587	2.866667
1588	1.933333
1589	1.933333
1590	1.933333
1591	2.866667
1592	1.933333
1593	2.600000
1594	1.933333
1595	1.933333
1596	1.933333
1597	1.933333
1598	3.533333
1599	2.066667
1600	2.733333
1601	0.000000
1602	2.600000
1603	0.533333
1604	8.800000
1605	7.333333
1606	0.266667
1607	0.266667
1608	-0.400000
1609	3.266667
1610	0.266667
1611	0.266667
1612	0.000000
1613	2.733333
1614	2.066667
1615	2.733333
1616	5.600000
1617	2.066667
1618	6.866667
1619	4.800000
1620	2.000000
1621	3.400000
1622	3.333333
1623	3.066667
1624	2.866667
1625	0.000000
1626	4.533333
1627	0.000000
1628	4.200000
1629	6.266667
1630	0.000000
1631	3.666667
1632	0.000000
1633	0.000000
1634	17.333333
1635	5.600000
1636	6.800000
1637	10.600000
1638	7.200000
1639	2.066667
1640	3.133333
1641	1.933333
1642	2.800000
1643	11.466667
1644	5.200000
1645	2.133333
1646	4.200000
1647	3.333333
1648	2.866667
1649	2.866667
1650	3.400000
1651	3.266667
1652	1.133333
1653	3.533333
1654	2.066667
1655	1.333333
1656	1.266667
1657	3.333333
1658	11.866667
1659	0.000000
1660	13.000000
1661	5.266667
1662	0.533333
1663	5.933333
1664	14.400000
1665	1.600000
1666	5.800000
1667	4.066667
1668	0.933333
1669	3.200000
1670	5.400000
1671	6.333333
1672	7.800000
1673	6.933333
1674	5.333333
1675	7.133333
1676	5.200000
1677	6.333333
1678	4.866667
1679	0.333333
1680	2.800000
1681	0.133333
1682	0.000000
1683	2.800000
1684	0.800000
1685	1.933333
1686	7.200000
1687	6.200000
1688	0.000000
1689	1.600000
1690	6.733333
1691	6.933333
1692	2.600000
1693	5.800000
1694	6.066667
1695	-3.000000
1696	5.400000
1697	5.400000
1698	5.400000
1699	1.066667
1700	7.600000
1701	12.666667
1702	4.933333
1703	1.533333
1704	1.400000
1705	6.933333
1706	5.866667
1707	13.333333
1708	16.533333
1709	2.000000
1710	3.000000
1711	12.000000
1712	3.000000
1713	3.333333
1714	5.333333
1715	1.466667
1716	2.066667
1717	0.866667
1718	0.866667
1719	2.400000
1720	0.866667
1721	6.466667
1722	9.000000
1723	6.466667
1724	5.466667
1725	3.466667
1726	0.000000
1727	4.333333
1728	1.200000
1729	0.866667
1730	8.600000
1731	1.200000
1732	5.733333
1733	5.733333
1734	3.133333
1735	4.800000
1736	4.733333
1737	4.733333
1738	8.800000
1739	1.133333
1740	3.400000
1741	1.133333
1742	3.133333
1743	4.866667
1744	1.466667
1745	1.200000
1746	1.933333
1747	1.000000
1748	3.733333
1749	1.866667
1750	1.866667
1751	4.600000
1752	0.600000
1753	4.600000
1754	4.400000
1755	4.400000
1756	2.466667
1757	5.400000
1758	4.533333
1759	2.933333
1760	2.200000
1761	3.200000
1762	6.466667
1763	6.466667
1764	7.333333
1765	4.600000
1766	6.666667
1767	10.000000
1768	0.200000
1769	0.200000
1770	6.200000
1771	1.000000
1772	1.933333
1773	6.200000
1774	3.866667
1775	1.933333
1776	9.866667
1777	1.933333
1778	3.266667
1779	0.866667
1780	2.533333
1781	0.866667
1782	3.466667
1783	0.933333
1784	6.600000
1785	1.733333
1786	0.000000
1787	3.600000
1788	4.133333
1789	0.000000
1790	9.133333
1791	1.000000
1792	0.000000
1793	0.000000
1794	4.533333
1795	0.000000
1796	5.933333
1797	4.066667
1798	1.000000
1799	0.600000
1800	0.000000
1801	5.133333
1802	4.400000
1803	0.000000
1804	1.533333
1805	2.800000
1806	2.800000
1807	3.000000
1808	3.133333
1809	4.000000
1810	0.466667
1811	1.866667
1812	4.333333
1813	5.200000
1814	10.466667
1815	0.200000
1816	2.066667
1817	6.666667
1818	1.733333
1819	2.600000
1820	2.600000
1821	6.733333
1822	1.933333
1823	4.466667
1824	6.733333
1825	2.400000
1826	5.733333
1827	6.533333
1828	1.466667
1829	4.800000
1830	4.533333
1831	1.466667
1832	7.466667
1833	2.466667
1834	0.000000
1835	7.866667
1836	7.000000
1837	7.000000
1838	0.533333
1839	7.000000
1840	16.200000
1841	8.000000
1842	7.400000
1843	6.066667
1844	8.200000
1845	3.666667
1846	2.466667
1847	5.133333
1848	1.466667
1849	4.800000
1850	1.466667
1851	-0.400000
1852	-1.333333
1853	5.400000
1854	8.266667
1855	1.466667
1856	2.466667
1857	4.733333
1858	7.133333
1859	2.866667
1860	9.933333
1861	10.933333
1862	9.533333
1863	3.133333
1864	1.866667
1865	3.200000
1866	3.333333
1867	5.533333
1868	3.333333
1869	6.666667
1870	6.400000
1871	3.666667
1872	2.266667
1873	0.600000
1874	0.600000
1875	0.600000
1876	0.000000
1877	1.000000
1878	3.733333
1879	0.600000
1880	0.600000
1881	0.000000
1882	0.000000
1883	0.000000
1884	7.933333
1885	3.333333
1886	4.666667
1887	9.200000
1888	2.733333
1889	2.266667
1890	2.933333
1891	1.466667
1892	7.133333
1893	3.333333
1894	3.733333
1895	3.733333
1896	3.133333
1897	10.266667
1898	0.800000
1899	1.400000
1900	4.866667
1901	7.000000
1902	7.933333
1903	3.266667
1904	4.133333
1905	6.933333
1906	4.200000
1907	4.133333
1908	5.133333
1909	0.600000
1910	1.133333
1911	5.933333
1912	0.933333
1913	1.266667
1914	1.733333
1915	0.933333
1916	3.066667
1917	0.066667
1918	6.866667
1919	3.933333
1920	5.933333
1921	12.066667
1922	3.333333
1923	3.333333
1924	1.133333
1925	0.800000
1926	0.800000
1927	6.200000
1928	1.933333
1929	3.800000
1930	3.333333
1931	3.266667
1932	0.800000
1933	1.000000
1934	1.800000
1935	1.600000
1936	3.866667
1937	6.800000
1938	4.333333
1939	6.466667
1940	4.600000
1941	0.000000
1942	0.000000
1943	1.266667
1944	0.000000
1945	6.066667
1946	1.466667
1947	0.000000
1948	1.800000
1949	0.000000
1950	0.000000
1951	2.266667
1952	0.000000
1953	7.066667
1954	0.666667
1955	7.000000
1956	0.000000
1957	7.066667
1958	2.533333
1959	0.000000
1960	5.266667
1961	3.200000
1962	4.666667
1963	4.733333
1964	4.733333
1965	5.133333
1966	7.000000
1967	2.600000
1968	6.200000
1969	6.466667
1970	5.200000
1971	0.933333
1972	0.933333
1973	1.933333
1974	4.533333
1975	4.266667
1976	1.666667
1977	1.666667
1978	11.133333
1979	1.933333
1980	9.933333
1981	1.333333
1982	1.066667
1983	0.933333
1984	0.600000
1985	0.933333
1986	7.866667
1987	0.933333
1988	6.466667
1989	1.666667
1990	1.666667
1991	0.600000
1992	0.666667
1993	1.600000
1994	2.000000
1995	5.866667
1996	-1.333333
1997	0.600000
1998	2.733333
1999	6.933333
2000	8.200000
2001	1.000000
2002	1.000000
2003	0.800000
2004	4.866667
2005	5.000000
2006	0.533333
2007	2.800000
2008	7.600000
2009	2.666667
2010	5.266667
2011	24.066667
2012	1.400000
2013	5.600000
2014	6.333333
2015	4.200000
2016	4.333333
2017	4.133333
2018	4.333333
2019	5.000000
2020	4.333333
2021	4.733333
2022	1.466667
2023	4.733333
2024	1.600000
2025	0.666667
2026	3.400000
2027	6.600000
2028	3.133333
2029	0.600000
2030	1.133333
2031	0.600000
2032	2.333333
2033	0.600000
2034	-0.800000
2035	6.800000
2036	3.066667
2037	2.600000
2038	1.000000
2039	12.066667
2040	12.200000
2041	4.666667
2042	4.666667
2043	5.133333
2044	3.266667
2045	4.866667
2046	7.066667
2047	3.800000
2048	2.600000
2049	1.800000
2050	4.933333
2051	6.200000
2052	2.200000
2053	0.600000
2054	5.200000
2055	6.666667
2056	-0.333333
2057	1.733333
2058	1.333333
2059	11.466667
2060	2.133333
2061	7.333333
2062	1.933333
2063	6.933333
2064	3.333333
2065	3.333333
2066	2.666667
2067	3.800000
2068	0.800000
2069	5.866667
2070	-1.066667
2071	4.333333
2072	1.133333
2073	1.400000
2074	0.800000
2075	5.866667
2076	2.400000
2077	8.933333
2078	2.800000
2079	0.733333
2080	2.666667
2081	2.666667
2082	4.200000
2083	4.266667
2084	2.066667
2085	4.400000
2086	4.600000
2087	2.133333
2088	1.800000
2089	4.266667
2090	2.200000
2091	1.400000
2092	0.000000
2093	3.866667
2094	6.733333
2095	2.000000
2096	3.866667
2097	6.866667
2098	2.000000
2099	2.000000
2100	0.800000
2101	0.800000
2102	3.666667
2103	0.733333
2104	0.466667
2105	0.733333
2106	1.600000
2107	1.733333
2108	1.866667
2109	4.333333
2110	0.000000
2111	3.533333
2112	0.133333
2113	2.000000
2114	6.000000
2115	0.000000
2116	3.266667
2117	1.733333
2118	0.000000
2119	3.333333
2120	11.866667
2121	0.000000
2122	11.400000
2123	1.000000
2124	4.266667
2125	0.933333
2126	1.733333
2127	1.733333
2128	0.933333
2129	1.733333
2130	1.733333
2131	2.600000
2132	8.000000
2133	1.733333
2134	0.600000
2135	5.666667
2136	0.000000
2137	6.200000
2138	2.866667
2139	2.666667
2140	0.800000
2141	1.000000
2142	1.000000
2143	1.000000
2144	1.000000
2145	1.000000
2146	0.266667
2147	0.266667
2148	2.266667
2149	0.200000
2150	6.200000
2151	7.333333
2152	3.400000
2153	3.200000
2154	2.066667
2155	0.733333
2156	0.800000
2157	2.800000
2158	2.666667
2159	8.866667
2160	0.600000
2161	5.333333
2162	1.733333
2163	2.200000
2164	1.466667
2165	5.066667
2166	4.266667
2167	0.066667
2168	2.600000
2169	4.866667
2170	0.933333
2171	-3.466667
2172	4.333333
2173	5.333333
2174	5.733333
2175	3.866667
2176	1.000000
2177	1.000000
2178	2.333333
2179	4.066667
2180	4.200000
2181	1.133333
2182	2.866667
2183	5.066667
2184	2.866667
2185	1.733333
2186	3.933333
2187	3.933333
2188	7.066667
2189	2.533333
2190	6.600000
2191	2.000000
2192	1.333333
2193	1.333333
2194	2.200000
2195	2.200000
2196	5.733333
2197	0.666667
2198	6.600000
2199	3.066667
2200	6.666667
2201	1.800000
2202	2.200000
2203	3.933333
2204	0.733333
2205	5.600000
2206	-4.733333
2207	3.866667
2208	2.666667
2209	2.666667
2210	6.000000
2211	3.000000
2212	5.533333
2213	2.066667
2214	3.200000
2215	0.466667
2216	2.600000
2217	6.666667
2218	4.333333
2219	4.866667
2220	3.866667
2221	3.333333
2222	4.533333
2223	4.733333
2224	-0.533333
2225	4.200000
2226	7.600000
2227	5.800000
2228	1.666667
2229	1.666667
2230	16.200000
2231	5.666667
2232	3.533333
2233	12.266667
2234	1.000000
2235	3.866667
2236	2.933333
2237	1.733333
2238	-0.266667
2239	14.533333
2240	5.333333
2241	6.133333
2242	4.333333
2243	9.333333
2244	7.533333
2245	2.866667
2246	0.666667
2247	0.666667
2248	0.000000
2249	6.466667
2250	1.466667
2251	10.333333
2252	6.866667
2253	8.533333
2254	6.866667
2255	2.733333
2256	2.733333
2257	5.733333
2258	14.333333
2259	9.600000
2260	3.733333
2261	6.000000
2262	3.666667
2263	0.000000
2264	3.666667
2265	1.266667
2266	2.266667
2267	0.733333
2268	0.000000
2269	2.000000
2270	3.466667
2271	1.933333
2272	0.133333
2273	4.133333
2274	2.200000
2275	2.666667
2276	2.333333
2277	5.000000
2278	2.933333
2279	7.933333
2280	0.333333
2281	8.333333
2282	8.333333
2283	2.933333
2284	4.066667
2285	4.933333
2286	0.400000
2287	4.666667
2288	9.266667
2289	7.400000
2290	5.600000
2291	3.666667
2292	9.733333
2293	6.800000
2294	5.600000
2295	3.200000
2296	4.133333
2297	1.600000
2298	8.866667
2299	12.466667
2300	5.133333
2301	0.000000
2302	6.733333
2303	0.600000
2304	0.600000
2305	3.733333
2306	1.000000
2307	4.933333
2308	4.933333
2309	2.000000
2310	1.200000
2311	1.200000
2312	4.933333
2313	4.933333
2314	1.200000
2315	0.200000
2316	2.933333
2317	1.200000
2318	0.200000
2319	4.933333
2320	4.933333
2321	1.200000
2322	1.200000
2323	1.000000
2324	1.000000
2325	4.933333
2326	4.933333
2327	8.733333
2328	3.933333
2329	13.866667
2330	3.933333
2331	3.600000
2332	3.333333
2333	9.666667
2334	3.600000
2335	2.266667
2336	9.000000
2337	1.333333
2338	1.333333
2339	2.000000
2340	3.133333
2341	3.466667
2342	5.600000
2343	0.666667
2344	4.266667
2345	4.733333
2346	3.600000
2347	1.800000
2348	2.200000
2349	3.933333
2350	5.200000
2351	3.133333
2352	3.133333
2353	2.400000
2354	2.266667
2355	3.133333
2356	2.400000
2357	2.266667
2358	1.333333
2359	1.000000
2360	0.666667
2361	0.800000
2362	0.133333
2363	3.266667
2364	2.133333
2365	0.666667
2366	0.666667
2367	4.533333
2368	9.533333
2369	5.600000
2370	1.000000
2371	7.600000
2372	3.733333
2373	10.333333
2374	6.733333
2375	1.666667
2376	0.000000
2377	4.866667
2378	4.866667
2379	3.466667
2380	5.266667
2381	5.866667
2382	7.933333
2383	7.933333
2384	5.000000
2385	5.666667
2386	4.933333
2387	7.666667
2388	0.000000
2389	0.866667
2390	0.866667
2391	2.733333
2392	0.466667
2393	5.733333
2394	2.800000
2395	13.066667
2396	6.266667
2397	0.000000
2398	11.000000
2399	2.866667
2400	0.000000
2401	0.000000
2402	8.066667
2403	2.800000
2404	8.066667
2405	11.133333
2406	4.733333
2407	11.733333
2408	1.800000
2409	10.266667
2410	2.466667
2411	5.133333
2412	4.733333
2413	0.933333
2414	9.733333
2415	0.933333
2416	2.133333
2417	0.600000
2418	3.866667
2419	1.000000
2420	1.000000
2421	1.866667
2422	1.466667
2423	0.466667
2424	2.800000
2425	3.000000
2426	3.866667
2427	2.733333
2428	1.800000
2429	5.533333
2430	6.600000
2431	5.400000
2432	1.000000
2433	0.733333
2434	0.733333
2435	0.666667
2436	0.000000
2437	0.000000
2438	7.266667
2439	2.600000
2440	4.466667
2441	2.666667
2442	1.000000
2443	0.666667
2444	0.666667
2445	2.933333
2446	0.800000
2447	0.666667
2448	3.800000
2449	2.666667
2450	4.600000
2451	7.533333
2452	4.600000
2453	3.400000
2454	8.266667
2455	0.200000
2456	0.600000
2457	4.266667
2458	3.466667
2459	3.400000
2460	9.400000
2461	0.733333
2462	0.733333
2463	1.733333
2464	-3.866667
2465	5.133333
2466	3.066667
2467	0.933333
2468	3.733333
2469	0.000000
2470	0.000000
2471	1.000000
2472	9.733333
2473	1.400000
2474	2.866667
2475	0.000000
2476	9.733333
2477	4.333333
2478	9.533333
2479	-1.000000
2480	5.000000
2481	8.133333
2482	9.800000
2483	0.000000
2484	1.400000
2485	3.266667
2486	0.933333
2487	0.933333
2488	0.933333
2489	0.000000
2490	6.000000
2491	2.266667
2492	6.333333
2493	3.800000
2494	6.333333
2495	1.000000
2496	2.066667
2497	9.133333
2498	1.933333
2499	2.533333
2500	0.933333
2501	3.666667
2502	3.066667
2503	3.066667
2504	2.800000
2505	2.533333
2506	3.400000
2507	4.333333
2508	4.466667
2509	2.933333
2510	2.533333
2511	3.400000
2512	2.733333
2513	1.200000
2514	1.000000
2515	1.000000
2516	0.733333
2517	0.666667
2518	3.600000
2519	0.000000
2520	0.000000
2521	0.666667
2522	2.466667
2523	4.400000
2524	7.800000
2525	2.333333
2526	0.466667
2527	4.733333
2528	0.000000
2529	3.800000
2530	8.266667
2531	6.600000
2532	4.733333
2533	6.933333
2534	7.066667
2535	1.000000
2536	4.666667
2537	1.000000
2538	2.133333
2539	1.666667
2540	6.800000
2541	1.666667
2542	3.000000
2543	2.066667
2544	4.400000
2545	4.333333
2546	2.333333
2547	2.000000
2548	2.466667
2549	2.200000
2550	2.200000
2551	4.733333
2552	1.866667
2553	4.600000
2554	1.000000
2555	1.733333
2556	1.066667
2557	0.866667
2558	1.066667
2559	0.666667
2560	5.200000
2561	2.800000
2562	3.600000
2563	1.733333
2564	0.600000
2565	2.200000
2566	1.000000
2567	3.400000
2568	0.000000
2569	10.866667
2570	0.000000
2571	0.000000
2572	3.800000
2573	0.000000
2574	-1.600000
2575	1.733333
2576	4.333333
2577	5.400000
2578	5.400000
2579	1.000000
2580	1.000000
2581	6.133333
2582	6.133333
2583	6.133333
2584	7.866667
2585	12.066667
2586	3.800000
2587	6.400000
2588	5.533333
2589	3.800000
2590	-0.533333
2591	3.466667
2592	4.266667
2593	1.933333
2594	3.666667
2595	8.933333
2596	6.933333
2597	3.266667
2598	15.200000
2599	8.466667
2600	1.000000
2601	2.466667
2602	5.200000
2603	3.666667
2604	4.733333
2605	2.333333
2606	0.000000
2607	-0.733333
2608	3.000000
2609	0.000000
2610	2.333333
2611	1.333333
2612	1.333333
2613	1.333333
2614	1.333333
2615	0.933333
2616	5.000000
2617	7.866667
2618	0.866667
2619	0.266667
2620	0.266667
2621	0.533333
2622	1.000000
2623	1.000000
2624	1.600000
2625	0.266667
2626	0.266667
2627	3.733333
2628	5.200000
2629	1.000000
2630	2.933333
2631	1.400000
2632	4.666667
2633	5.600000
2634	7.533333
2635	4.666667
2636	5.466667
2637	4.733333
2638	3.200000
2639	3.200000
2640	3.000000
2641	5.333333
2642	3.000000
2643	3.400000
2644	2.600000
2645	6.266667
2646	10.533333
2647	1.533333
2648	1.800000
2649	8.466667
2650	9.333333
2651	6.666667
2652	3.533333
2653	2.466667
2654	4.800000
2655	2.333333
2656	-1.866667
2657	2.066667
2658	1.200000
2659	0.000000
2660	1.000000
2661	0.000000
2662	1.000000
2663	0.000000
2664	0.000000
2665	0.000000
2666	3.533333
2667	5.400000
2668	3.333333
2669	0.000000
2670	5.200000
2671	0.000000
2672	10.266667
2673	1.200000
2674	6.733333
2675	0.333333
2676	16.866667
2677	6.466667
2678	2.733333
2679	2.733333
2680	1.733333
2681	2.533333
2682	6.533333
2683	3.200000
2684	4.733333
2685	4.266667
2686	2.733333
2687	0.000000
2688	1.800000
2689	7.800000
2690	-1.800000
2691	0.000000
2692	4.933333
2693	14.933333
2694	1.000000
2695	10.466667
2696	4.866667
2697	6.066667
2698	2.933333
2699	9.333333
2700	1.600000
2701	1.933333
2702	2.200000
2703	1.600000
2704	1.600000
2705	2.800000
2706	1.000000
2707	11.333333
2708	2.600000
2709	4.200000
2710	20.333333
2711	2.600000
2712	2.600000
2713	1.466667
2714	1.466667
2715	2.533333
2716	3.800000
2717	3.333333
2718	0.933333
2719	2.266667
2720	6.333333
2721	1.866667
2722	3.533333
2723	3.866667
2724	2.466667
2725	10.000000
2726	3.866667
2727	4.533333
2728	3.533333
2729	11.000000
2730	10.400000
2731	2.866667
2732	5.733333
2733	4.933333
2734	1.666667
2735	3.200000
2736	2.800000
2737	0.066667
2738	1.000000
2739	0.933333
2740	5.666667
2741	0.933333
2742	3.333333
2743	2.866667
2744	1.000000
2745	3.266667
2746	0.000000
2747	4.066667
2748	6.666667
2749	1.866667
2750	6.533333
2751	0.000000
2752	0.000000
2753	4.000000
2754	0.000000
2755	0.000000
2756	1.600000
2757	3.333333
2758	0.000000
2759	2.533333
2760	1.933333
2761	1.933333
2762	1.866667
2763	1.933333
2764	0.000000
2765	1.933333
2766	13.000000
2767	0.533333
2768	3.400000
2769	3.400000
2770	4.533333
2771	1.533333
2772	3.000000
2773	3.000000
2774	0.600000
2775	3.866667
2776	5.000000
2777	3.666667
2778	0.000000
2779	0.000000
2780	2.933333
2781	4.200000
2782	10.933333
2783	1.666667
2784	3.733333
2785	2.266667
2786	1.600000
2787	0.800000
2788	0.800000
2789	4.066667
2790	5.533333
2791	4.066667
2792	3.666667
2793	0.933333
2794	2.933333
2795	2.066667
2796	1.066667
2797	1.600000
2798	0.466667
2799	0.466667
2800	0.000000
2801	1.800000
2802	0.533333
2803	15.266667
2804	0.000000
2805	8.733333
2806	1.600000
2807	7.266667
2808	9.133333
2809	2.466667
2810	5.866667
2811	7.666667
2812	3.866667
2813	5.266667
2814	1.933333
2815	3.600000
2816	2.133333
2817	9.933333
2818	4.800000
2819	6.000000
2820	2.600000
2821	4.266667
2822	2.866667
2823	3.000000
2824	-13.666667
2825	1.866667
2826	0.733333
2827	7.200000
2828	2.600000
2829	1.600000
2830	7.266667
2831	6.466667
2832	7.200000
2833	3.400000
2834	10.533333
2835	2.933333
2836	4.600000
2837	7.666667
2838	2.800000
2839	2.933333
2840	6.466667
2841	18.133333
2842	1.066667
2843	3.333333
2844	1.066667
2845	11.400000
2846	3.533333
2847	3.866667
2848	1.000000
2849	7.333333
2850	7.333333
2851	1.133333
2852	1.133333
2853	4.000000
2854	5.266667
2855	1.800000
2856	3.333333
2857	3.200000
2858	1.800000
2859	3.933333
2860	3.933333
2861	-8.200000
2862	3.266667
2863	2.600000
2864	3.000000
2865	3.000000
2866	3.800000
2867	-0.400000
2868	0.000000
2869	11.133333
2870	4.866667
2871	0.000000
2872	0.000000
2873	3.866667
2874	0.000000
2875	0.000000
2876	2.266667
2877	0.000000
2878	0.000000
2879	7.200000
2880	0.866667
2881	3.466667
2882	0.000000
2883	0.000000
2884	1.533333
2885	0.000000
2886	0.933333
2887	4.866667
2888	4.866667
2889	0.000000
2890	0.866667
2891	6.133333
2892	0.866667
2893	4.000000
2894	6.933333
2895	1.533333
2896	0.133333
2897	1.600000
2898	0.533333
2899	0.000000
2900	10.466667
2901	-1.333333
2902	1.000000
2903	5.733333
2904	1.000000
2905	4.666667
2906	4.133333
2907	5.733333
2908	1.000000
2909	4.600000
2910	7.266667
2911	3.133333
2912	1.666667
2913	17.933333
2914	9.066667
2915	4.666667
2916	4.666667
2917	2.000000
2918	3.666667
2919	3.600000
2920	2.933333
2921	9.466667
2922	5.600000
2923	2.666667
2924	1.733333
2925	4.933333
2926	2.066667
2927	0.800000
2928	1.666667
2929	0.800000
2930	14.000000
2931	-0.533333
2932	2.200000
2933	2.200000
2934	2.666667
2935	2.333333
2936	2.666667
2937	1.600000
2938	1.000000
2939	6.466667
2940	1.000000
2941	1.933333
2942	2.600000
2943	6.800000
2944	5.533333
2945	1.866667
2946	5.400000
2947	5.466667
2948	3.333333
2949	3.333333
2950	3.333333
2951	3.333333
2952	3.333333
2953	8.066667
2954	3.333333
2955	4.600000
2956	3.600000
2957	8.933333
2958	7.933333
2959	5.466667
2960	5.466667
2961	2.533333
2962	3.533333
2963	1.733333
2964	2.600000
2965	1.733333
2966	3.466667
2967	1.533333
2968	1.533333
2969	2.000000
2970	0.733333
2971	1.800000
2972	4.200000
2973	5.266667
2974	6.266667
2975	7.466667
2976	0.000000
2977	2.333333
2978	0.000000
2979	5.533333
2980	8.066667
2981	5.533333
2982	0.200000
2983	2.000000
2984	5.866667
2985	3.733333
2986	2.533333
2987	5.800000
2988	9.266667
2989	3.733333
2990	1.000000
2991	3.866667
2992	-0.933333
2993	3.400000
2994	13.333333
2995	3.733333
2996	0.866667
2997	2.133333
2998	2.333333
2999	1.733333
3000	15.400000
3001	1.800000
3002	1.933333
3003	5.933333
3004	5.066667
3005	2.133333
3006	1.066667
3007	-0.200000
3008	1.533333
3009	4.733333
3010	4.000000
3011	1.000000
3012	0.000000
3013	0.000000
3014	0.400000
3015	4.733333
3016	4.733333
3017	0.000000
3018	6.933333
3019	2.333333
3020	2.333333
3021	2.333333
3022	4.333333
3023	2.733333
3024	5.533333
3025	6.066667
3026	5.466667
3027	7.133333
3028	1.000000
3029	1.000000
3030	7.466667
3031	4.000000
3032	6.533333
3033	4.266667
3034	6.666667
3035	7.666667
3036	15.200000
3037	7.400000
3038	-0.333333
3039	6.266667
3040	9.866667
3041	1.400000
3042	7.533333
3043	1.866667
3044	1.866667
3045	1.866667
3046	1.600000
3047	2.533333
3048	1.800000
3049	1.600000
3050	4.066667
3051	10.400000
3052	1.200000
3053	1.466667
3054	5.066667
3055	3.333333
3056	4.866667
3057	0.000000
3058	0.000000
3059	0.000000
3060	0.800000
3061	0.000000
3062	0.000000
3063	4.600000
3064	3.600000
3065	0.933333
3066	4.933333
3067	6.933333
3068	2.866667
3069	7.200000
3070	2.866667
3071	2.400000
3072	2.866667
3073	3.666667
3074	2.200000
3075	2.733333
3076	-0.600000
3077	0.000000
3078	1.066667
3079	4.333333
3080	3.933333
3081	4.533333
3082	0.933333
3083	3.266667
3084	2.800000
3085	2.200000
3086	1.266667
3087	10.200000
3088	0.800000
3089	1.533333
3090	0.800000
3091	6.000000
3092	0.400000
3093	8.066667
3094	0.000000
3095	4.533333
3096	6.333333
3097	2.266667
3098	1.866667
3099	3.466667
3100	4.266667
3101	7.666667
3102	7.066667
3103	1.400000
3104	1.200000
3105	2.866667
3106	2.866667
3107	2.866667
3108	0.000000
3109	0.333333
3110	0.000000
3111	4.200000
3112	1.933333
3113	0.533333
3114	0.000000
3115	1.933333
3116	1.866667
3117	6.600000
3118	7.200000
3119	7.733333
3120	2.600000
3121	3.733333
3122	2.600000
3123	7.133333
3124	1.800000
3125	0.333333
3126	3.333333
3127	0.866667
3128	13.266667
3129	1.066667
3130	1.400000
3131	0.466667
3132	3.600000
3133	6.000000
3134	1.266667
3135	5.866667
3136	2.000000
3137	2.733333
3138	0.733333
3139	4.066667
3140	4.066667
3141	6.466667
3142	1.400000
3143	0.200000
3144	0.200000
3145	2.466667
3146	3.600000
3147	3.800000
3148	2.266667
3149	7.466667
3150	0.266667
3151	0.933333
3152	1.600000
3153	0.266667
3154	0.266667
3155	4.266667
3156	2.666667
3157	0.733333
3158	3.000000
3159	1.866667
3160	5.200000
3161	0.333333
3162	1.533333
3163	0.000000
3164	0.000000
3165	4.466667
3166	3.066667
3167	8.466667
3168	1.000000
3169	0.666667
3170	5.266667
3171	5.266667
3172	0.666667
3173	1.066667
3174	2.800000
3175	13.200000
3176	2.800000
3177	0.000000
3178	0.600000
3179	0.933333
3180	5.800000
3181	0.066667
3182	-2.466667
3183	5.600000
3184	0.000000
3185	5.200000
3186	2.000000
3187	0.000000
3188	0.000000
3189	0.133333
3190	0.133333
3191	1.866667
3192	5.266667
3193	5.933333
3194	0.000000
3195	0.000000
3196	0.000000
3197	0.600000
3198	0.000000
3199	3.000000
3200	1.200000
3201	4.466667
3202	2.066667
3203	13.066667
3204	2.800000
3205	1.200000
3206	1.333333
3207	2.800000
3208	4.733333
3209	7.733333
3210	2.533333
3211	4.533333
3212	1.133333
3213	1.133333
3214	1.666667
3215	2.266667
3216	1.000000
3217	3.533333
3218	5.400000
3219	6.666667
3220	1.600000
3221	1.000000
3222	3.600000
3223	3.533333
3224	4.066667
3225	3.400000
3226	0.200000
3227	0.200000
3228	1.600000
3229	0.000000
3230	3.800000
3231	-0.333333
3232	3.400000
3233	4.800000
3234	0.666667
3235	0.666667
3236	0.800000
3237	0.000000
3238	0.733333
3239	5.400000
3240	0.333333
3241	0.333333
3242	3.600000
3243	4.333333
3244	1.000000
3245	7.133333
3246	3.733333
3247	6.133333
3248	2.800000
3249	3.533333
3250	5.266667
3251	4.266667
3252	6.066667
3253	6.066667
3254	1.733333
3255	2.733333
3256	3.466667
3257	1.333333
3258	1.933333
3259	10.000000
3260	6.333333
3261	3.800000
3262	3.800000
3263	3.800000
3264	3.800000
3265	6.266667
3266	2.000000
3267	5.733333
3268	2.733333
3269	0.866667
3270	0.933333
3271	2.733333
3272	1.066667
3273	5.666667
3274	0.000000
3275	6.066667
3276	2.866667
3277	1.400000
3278	7.066667
3279	3.800000
3280	2.533333
3281	2.533333
3282	2.933333
3283	4.666667
3284	1.866667
3285	3.600000
3286	8.133333
3287	3.533333
3288	2.866667
3289	10.333333
3290	3.266667
3291	2.800000
3292	1.800000
3293	3.533333
3294	3.200000
3295	0.333333
3296	0.933333
3297	0.333333
3298	2.800000
3299	2.600000
3300	0.800000
3301	0.000000
3302	1.733333
3303	2.066667
3304	8.266667
3305	1.466667
3306	1.000000
3307	1.466667
3308	6.733333
3309	7.000000
3310	0.866667
3311	0.866667
3312	0.333333
3313	12.266667
3314	4.333333
3315	7.133333
3316	2.733333
3317	-3.266667
3318	7.200000
3319	3.466667
3320	0.866667
3321	0.866667
3322	7.466667
3323	3.466667
3324	3.466667
3325	6.266667
3326	5.333333
3327	2.066667
3328	2.066667
3329	3.733333
3330	6.866667
3331	4.600000
3332	9.066667
3333	4.200000
3334	13.866667
3335	1.800000
3336	4.133333
3337	3.200000
3338	4.133333
3339	4.133333
3340	1.133333
3341	2.733333
3342	3.666667
3343	11.933333
3344	2.800000
3345	8.266667
3346	1.466667
3347	3.933333
3348	1.800000
3349	1.000000
3350	5.666667
3351	3.266667
3352	1.533333
3353	0.533333
3354	5.866667
3355	-5.800000
3356	3.400000
3357	3.400000
3358	3.266667
3359	3.600000
3360	4.533333
3361	5.600000
3362	5.933333
3363	5.933333
3364	1.533333
3365	0.666667
3366	0.000000
3367	0.000000
3368	4.133333
3369	9.066667
3370	6.800000
3371	9.333333
3372	4.800000
3373	4.800000
3374	1.533333
3375	1.533333
3376	1.533333
3377	2.333333
3378	2.000000
3379	1.933333
3380	0.000000
3381	4.266667
3382	4.266667
3383	-2.800000
3384	7.000000
3385	7.066667
3386	7.133333
3387	4.266667
3388	4.266667
3389	7.666667
3390	10.333333
3391	3.866667
3392	3.533333
3393	3.533333
3394	6.666667
3395	1.333333
3396	2.000000
3397	5.133333
3398	2.000000
3399	5.733333
3400	3.800000
3401	4.866667
3402	2.200000
3403	3.066667
3404	2.333333
3405	5.533333
3406	2.133333
3407	0.000000
3408	4.600000
3409	4.666667
3410	4.666667
3411	2.933333
3412	5.000000
3413	0.933333
3414	2.533333
3415	2.533333
3416	6.000000
3417	5.466667
3418	2.600000
3419	3.533333
3420	1.600000
3421	1.600000
3422	0.800000
3423	16.533333
3424	0.800000
3425	2.800000
3426	0.933333
3427	0.400000
3428	3.733333
3429	0.000000
3430	7.933333
3431	2.666667
3432	3.466667
3433	4.066667
3434	0.400000
3435	0.000000
3436	8.866667
3437	7.933333
3438	3.866667
3439	4.666667
3440	-0.200000
3441	1.466667
3442	5.733333
3443	1.066667
3444	0.600000
3445	3.266667
3446	0.600000
3447	2.133333
3448	0.000000
3449	0.000000
3450	0.933333
3451	0.000000
3452	4.933333
3453	3.666667
3454	4.200000
3455	0.000000
3456	5.866667
3457	2.533333
3458	5.866667
3459	5.200000
3460	3.800000
3461	5.266667
3462	7.600000
3463	9.733333
3464	4.866667
3465	5.866667
3466	5.600000
3467	4.933333
3468	0.933333
3469	1.933333
3470	5.133333
3471	3.133333
3472	6.866667
3473	0.200000
3474	2.666667
3475	5.733333
3476	4.933333
3477	6.800000
3478	0.533333
3479	0.533333
3480	2.466667
3481	4.200000
3482	4.200000
3483	4.200000
3484	3.333333
3485	2.466667
3486	1.733333
3487	1.400000
3488	1.000000
3489	2.800000
3490	0.000000
3491	6.666667
3492	4.066667
3493	0.000000
3494	0.133333
3495	1.800000
3496	0.133333
3497	3.800000
3498	0.466667
3499	0.466667
3500	0.466667
3501	4.600000
3502	4.466667
3503	4.333333
3504	0.000000
3505	2.533333
3506	1.733333
3507	5.933333
3508	2.200000
3509	1.666667
3510	1.666667
3511	1.666667
3512	4.733333
3513	3.800000
3514	0.733333
3515	1.666667
3516	0.933333
3517	2.600000
3518	2.066667
3519	2.933333
3520	2.933333
3521	3.000000
3522	2.933333
3523	3.866667
3524	2.933333
3525	2.933333
3526	2.600000
3527	2.066667
3528	2.933333
3529	6.733333
3530	0.200000
3531	6.733333
3532	6.733333
3533	1.333333
3534	15.266667
3535	0.733333
3536	0.733333
3537	6.066667
3538	6.066667
3539	0.733333
3540	3.400000
3541	5.333333
3542	7.733333
3543	14.533333
3544	1.066667
3545	3.400000
3546	1.066667
3547	1.266667
3548	1.733333
3549	0.400000
3550	0.400000
3551	0.800000
3552	0.400000
3553	0.400000
3554	0.800000
3555	4.666667
3556	0.333333
3557	0.733333
3558	2.400000
3559	2.066667
3560	0.933333
3561	3.600000
3562	1.600000
3563	1.600000
3564	7.133333
3565	1.400000
3566	0.866667
3567	1.666667
3568	2.000000
3569	1.000000
3570	1.000000
3571	4.666667
3572	7.866667
3573	4.000000
3574	1.800000
3575	0.666667
3576	0.666667
3577	1.666667
3578	0.666667
3579	2.666667
3580	3.466667
3581	9.000000
3582	0.000000
3583	7.200000
3584	2.533333
3585	6.400000
3586	6.400000
3587	3.533333
3588	8.666667
3589	10.466667
3590	1.666667
3591	0.933333
3592	3.800000
3593	0.466667
3594	7.400000
3595	0.000000
3596	0.400000
3597	0.600000
3598	0.000000
3599	0.000000
3600	9.066667
3601	1.266667
3602	8.133333
3603	0.000000
3604	2.933333
3605	4.600000
3606	2.600000
3607	2.600000
3608	10.266667
3609	2.666667
3610	6.466667
3611	6.800000
3612	5.066667
3613	5.800000
3614	0.733333
3615	5.466667
3616	3.000000
3617	2.800000
3618	4.800000
3619	4.800000
3620	3.733333
3621	6.600000
3622	0.400000
3623	0.400000
3624	0.400000
3625	7.866667
3626	0.733333
3627	0.733333
3628	0.733333
3629	1.200000
3630	1.933333
3631	0.000000
3632	0.000000
3633	4.800000
3634	1.933333
3635	1.866667
3636	1.866667
3637	1.800000
3638	1.866667
3639	0.000000
3640	0.400000
3641	2.066667
3642	8.266667
3643	0.933333
3644	1.600000
3645	1.600000
3646	0.733333
3647	1.933333
3648	3.933333
3649	-0.533333
3650	8.400000
3651	6.866667
3652	2.933333
3653	0.000000
3654	1.000000
3655	2.266667
3656	2.733333
3657	2.733333
3658	-5.400000
3659	0.000000
3660	0.000000
3661	1.000000
3662	2.200000
3663	0.000000
3664	0.000000
3665	1.133333
3666	10.733333
3667	0.000000
3668	1.866667
3669	1.733333
3670	0.933333
3671	5.733333
3672	13.000000
3673	4.200000
3674	5.666667
3675	0.800000
3676	4.733333
3677	10.800000
3678	0.800000
3679	0.000000
3680	0.000000
3681	2.733333
3682	1.466667
3683	8.533333
3684	0.000000
3685	4.266667
3686	4.933333
3687	4.933333
3688	1.933333
3689	6.200000
3690	6.200000
3691	7.933333
3692	4.800000
3693	0.933333
3694	0.933333
3695	0.000000
3696	0.000000
3697	7.333333
3698	12.666667
3699	6.333333
3700	3.133333
3701	2.866667
3702	3.266667
3703	4.866667
3704	4.866667
3705	3.600000
3706	3.600000
3707	2.733333
3708	4.666667
3709	3.533333
3710	3.333333
3711	3.533333
3712	4.533333
3713	6.466667
3714	4.800000
3715	4.800000
3716	0.800000
3717	1.600000
3718	0.800000
3719	1.533333
3720	1.466667
3721	7.200000
3722	1.933333
3723	3.000000
3724	0.000000
3725	1.000000
3726	1.533333
3727	1.533333
3728	0.533333
3729	0.400000
3730	0.866667
3731	5.133333
3732	7.266667
3733	0.000000
3734	0.000000
3735	0.000000
3736	0.000000
3737	2.866667
3738	8.600000
3739	6.866667
3740	3.066667
3741	1.333333
3742	1.333333
3743	-7.466667
3744	0.866667
3745	0.866667
3746	-6.266667
3747	0.000000
3748	6.266667
3749	0.666667
3750	1.600000
3751	0.000000
3752	0.000000
3753	0.133333
3754	0.000000
3755	1.266667
3756	1.000000
3757	6.400000
3758	3.000000
3759	1.666667
3760	1.933333
3761	2.000000
3762	-0.800000
3763	2.533333
3764	0.000000
3765	0.000000
3766	7.333333
3767	3.333333
3768	2.666667
3769	5.866667
3770	4.200000
3771	4.200000
3772	0.266667
3773	4.733333
3774	9.466667
3775	1.866667
3776	1.200000
3777	0.666667
3778	0.666667
3779	2.933333
3780	0.200000
3781	2.733333
3782	3.800000
3783	10.066667
3784	3.733333
3785	3.800000
3786	4.733333
3787	5.933333
3788	1.866667
3789	4.200000
3790	1.933333
3791	7.000000
3792	0.933333
3793	1.666667
3794	1.666667
3795	0.733333
3796	1.400000
3797	3.333333
3798	1.800000
3799	0.733333
3800	0.600000
3801	0.600000
3802	1.200000
3803	0.000000
3804	0.000000
3805	0.000000
3806	1.000000
3807	0.866667
3808	3.666667
3809	4.066667
3810	0.000000
3811	0.000000
3812	0.000000
3813	0.000000
3814	0.000000
3815	3.600000
3816	2.666667
3817	2.733333
3818	3.400000
3819	1.600000
3820	0.400000
3821	8.333333
3822	7.200000
3823	1.133333
3824	1.066667
3825	1.066667
3826	6.066667
3827	6.066667
3828	4.466667
3829	4.133333
3830	3.066667
3831	1.866667
3832	7.000000
3833	3.600000
3834	2.600000
3835	2.600000
3836	1.533333
3837	3.600000
3838	6.600000
3839	2.866667
3840	2.000000
3841	2.866667
3842	2.666667
3843	2.333333
3844	1.066667
3845	0.666667
3846	5.400000
3847	8.933333
3848	6.066667
3849	2.533333
3850	6.333333
3851	6.333333
3852	4.733333
3853	12.133333
3854	0.333333
3855	0.333333
3856	5.600000
3857	1.466667
3858	2.400000
3859	2.400000
3860	2.400000
3861	2.266667
3862	6.000000
3863	2.400000
3864	2.466667
3865	0.133333
3866	0.133333
3867	0.133333
3868	0.000000
3869	4.266667
3870	0.933333
3871	-2.066667
3872	0.000000
3873	6.600000
3874	1.000000
3875	1.000000
3876	5.933333
3877	2.800000
3878	5.400000
3879	1.000000
3880	0.466667
3881	4.133333
3882	1.933333
3883	2.333333
3884	0.400000
3885	2.666667
3886	5.000000
3887	0.000000
3888	3.266667
3889	0.000000
3890	4.200000
3891	0.400000
3892	1.000000
3893	1.733333
3894	1.000000
3895	1.000000
3896	1.000000
3897	1.000000
3898	1.533333
3899	0.000000
3900	4.266667
3901	4.266667
3902	4.866667
3903	6.066667
3904	0.933333
3905	0.000000
3906	6.066667
3907	0.000000
3908	4.933333
3909	4.933333
3910	4.400000
3911	1.333333
3912	1.333333
3913	0.000000
3914	0.866667
3915	0.000000
3916	3.000000
3917	5.200000
3918	3.600000
3919	4.533333
3920	4.266667
3921	11.066667
3922	7.200000
3923	13.666667
3924	2.600000
3925	10.066667
3926	3.600000
3927	3.600000
3928	9.000000
3929	0.000000
3930	0.000000
3931	4.000000
3932	0.000000
3933	0.733333
3934	2.800000
3935	9.666667
3936	0.000000
3937	3.333333
3938	0.600000
3939	3.466667
3940	5.000000
3941	5.000000
3942	2.666667
3943	2.666667
3944	2.666667
3945	2.666667
3946	6.600000
3947	4.733333
3948	1.666667
3949	1.666667
3950	3.066667
3951	0.466667
3952	3.666667
3953	2.666667
3954	0.733333
3955	1.533333
3956	0.800000
3957	0.000000
3958	4.933333
3959	4.333333
3960	4.333333
3961	4.333333
3962	3.600000
3963	3.600000
3964	5.933333
3965	5.933333
3966	10.000000
3967	5.533333
3968	3.333333
3969	1.000000
3970	4.466667
3971	3.400000
3972	3.066667
3973	2.666667
3974	1.800000
3975	3.266667
3976	1.466667
3977	0.933333
3978	1.800000
3979	0.000000
3980	5.333333
3981	3.066667
3982	0.933333
3983	3.400000
3984	0.933333
3985	7.466667
3986	0.400000
3987	0.400000
3988	0.000000
3989	0.000000
3990	1.000000
3991	3.800000
3992	0.533333
3993	0.000000
3994	4.333333
3995	3.133333
3996	2.933333
3997	3.466667
3998	0.466667
3999	0.733333
4000	0.466667
4001	0.466667
4002	0.000000
4003	0.000000
4004	12.133333
4005	0.733333
4006	1.466667
4007	5.733333
4008	0.733333
4009	1.000000
4010	0.200000
4011	3.066667
4012	0.200000
4013	2.266667
4014	3.333333
4015	3.333333
4016	2.466667
4017	0.933333
4018	1.466667
4019	1.466667
4020	0.933333
4021	1.200000
4022	1.200000
4023	5.133333
4024	7.800000
4025	7.200000
4026	6.200000
4027	2.666667
4028	9.000000
4029	2.933333
4030	1.933333
4031	2.066667
4032	-3.666667
4033	1.000000
4034	0.000000
4035	3.733333
4036	3.000000
4037	1.933333
4038	4.933333
4039	3.600000
4040	0.000000
4041	6.333333
4042	3.533333
4043	14.333333
4044	1.800000
4045	0.000000
4046	3.066667
4047	2.800000
4048	5.066667
4049	2.666667
4050	3.533333
4051	9.666667
4052	2.733333
4053	2.666667
4054	6.866667
4055	4.933333
4056	4.933333
4057	4.200000
4058	0.000000
4059	0.000000
4060	8.733333
4061	0.000000
4062	0.000000
4063	0.000000
4064	0.000000
4065	0.000000
4066	0.000000
4067	5.266667
4068	0.000000
4069	1.000000
4070	5.600000
4071	5.066667
4072	5.066667
4073	1.666667
4074	6.733333
4075	1.066667
4076	5.000000
4077	4.200000
4078	2.933333
4079	1.000000
4080	3.866667
4081	2.666667
4082	4.200000
4083	3.466667
4084	2.333333
4085	0.800000
4086	1.066667
4087	0.000000
4088	2.333333
4089	0.000000
4090	7.200000
4091	0.000000
4092	3.866667
4093	3.800000
4094	9.933333
4095	4.333333
4096	2.266667
4097	2.266667
4098	4.933333
4099	1.266667
4100	1.600000
4101	0.666667
4102	1.466667
4103	4.400000
4104	4.066667
4105	1.466667
4106	1.000000
4107	0.000000
4108	6.600000
4109	1.466667
4110	3.533333
4111	3.533333
4112	3.333333
4113	2.733333
4114	4.933333
4115	4.533333
4116	5.000000
4117	5.000000
4118	3.400000
4119	5.600000
4120	0.000000
4121	6.466667
4122	0.000000
4123	6.466667
4124	0.000000
4125	2.666667
4126	4.400000
4127	4.066667
4128	1.866667
4129	0.866667
4130	1.000000
4131	10.466667
4132	15.533333
4133	0.933333
4134	1.666667
4135	0.466667
4136	6.200000
4137	0.000000
4138	2.800000
4139	3.533333
4140	2.666667
4141	2.333333
4142	4.066667
4143	3.533333
4144	3.533333
4145	1.133333
4146	1.133333
4147	1.133333
4148	2.333333
4149	-0.133333
4150	0.400000
4151	3.000000
4152	3.800000
4153	1.000000
4154	1.933333
4155	2.266667
4156	1.000000
4157	1.333333
4158	0.933333
4159	3.133333
4160	0.600000
4161	0.600000
4162	2.533333
4163	5.533333
4164	-4.333333
4165	5.200000
4166	11.200000
4167	2.800000
4168	1.000000
4169	7.733333
4170	8.666667
4171	1.933333
4172	2.600000
4173	0.000000
4174	3.000000
4175	0.000000
4176	1.666667
4177	0.000000
4178	0.000000
4179	3.000000
4180	0.466667
4181	5.733333
4182	5.600000
4183	0.000000
4184	2.800000
4185	0.000000
4186	4.000000
4187	0.000000
4188	1.800000
4189	0.000000
4190	0.000000
4191	0.000000
4192	7.466667
4193	2.733333
4194	3.800000
4195	4.000000
4196	4.000000
4197	1.000000
4198	10.333333
4199	1.000000
4200	-1.333333
4201	4.266667
4202	2.666667
4203	6.800000
4204	0.200000
4205	1.266667
4206	2.800000
4207	0.200000
4208	-4.333333
4209	0.200000
4210	0.200000
4211	0.000000
4212	0.066667
4213	7.000000
4214	5.133333
4215	7.466667
4216	5.733333
4217	7.466667
4218	4.200000
4219	4.933333
4220	3.933333
4221	3.933333
4222	3.333333
4223	3.933333
4224	3.933333
4225	3.933333
4226	9.066667
4227	0.933333
4228	0.933333
4229	5.266667
4230	5.266667
4231	3.600000
4232	3.533333
4233	3.933333
4234	1.200000
4235	4.066667
4236	6.400000
4237	4.333333
4238	5.666667
4239	12.666667
4240	4.066667
4241	3.666667
4242	3.666667
4243	2.066667
4244	2.266667
4245	2.266667
4246	2.066667
4247	1.266667
4248	1.266667
4249	2.466667
4250	1.933333
4251	2.400000
4252	1.133333
4253	2.600000
4254	1.533333
4255	2.266667
4256	1.133333
4257	1.133333
4258	0.866667
4259	4.933333
4260	4.933333
4261	0.533333
4262	9.333333
4263	6.066667
4264	6.066667
4265	1.200000
4266	6.333333
4267	7.133333
4268	2.000000
4269	4.133333
4270	4.133333
4271	3.066667
4272	3.800000
4273	5.466667
4274	1.400000
4275	3.600000
4276	2.000000
4277	0.400000
4278	0.133333
4279	1.200000
4280	2.533333
4281	1.733333
4282	2.933333
4283	1.000000
4284	5.400000
4285	1.733333
4286	2.866667
4287	0.000000
4288	0.000000
4289	3.266667
4290	1.600000
4291	0.000000
4292	9.333333
4293	1.333333
4294	1.000000
4295	0.933333
4296	0.933333
4297	0.933333
4298	0.933333
4299	1.866667
4300	1.000000
4301	0.000000
4302	2.800000
4303	0.600000
4304	6.866667
4305	6.333333
4306	6.933333
4307	4.733333
4308	0.866667
4309	2.333333
4310	2.333333
4311	0.866667
4312	2.333333
4313	1.533333
4314	4.800000
4315	3.666667
4316	2.666667
4317	3.666667
4318	2.200000
4319	1.133333
4320	0.466667
4321	5.000000
4322	5.000000
4323	6.000000
4324	4.133333
4325	0.466667
4326	5.800000
4327	-0.333333
4328	-2.933333
4329	2.400000
4330	1.666667
4331	0.466667
4332	0.000000
4333	0.333333
4334	0.333333
4335	0.333333
4336	0.333333
4337	0.333333
4338	2.466667
4339	0.333333
4340	6.933333
4341	13.933333
4342	0.000000
4343	3.933333
4344	0.333333
4345	0.000000
4346	0.066667
4347	0.933333
4348	0.933333
4349	4.533333
4350	4.533333
4351	2.266667
4352	6.333333
4353	5.933333
4354	4.266667
4355	0.133333
4356	1.466667
4357	2.200000
4358	0.533333
4359	2.800000
4360	0.733333
4361	0.866667
4362	3.133333
4363	2.466667
4364	3.933333
4365	2.266667
4366	0.933333
4367	0.266667
4368	0.266667
4369	4.600000
4370	4.600000
4371	0.066667
4372	3.000000
4373	3.000000
4374	3.000000
4375	3.533333
4376	3.533333
4377	1.666667
4378	2.400000
4379	2.400000
4380	0.533333
4381	0.400000
4382	0.000000
4383	0.000000
4384	4.333333
4385	0.000000
4386	6.400000
4387	1.933333
4388	2.866667
4389	3.000000
4390	2.466667
4391	0.533333
4392	2.333333
4393	1.000000
4394	3.533333
4395	3.533333
4396	1.000000
4397	2.400000
4398	4.533333
4399	2.200000
4400	6.466667
4401	0.000000
4402	0.400000
4403	0.400000
4404	0.000000
4405	1.000000
4406	6.933333
4407	1.600000
4408	1.000000
4409	1.133333
4410	2.466667
4411	1.133333
4412	1.133333
4413	1.200000
4414	10.733333
4415	6.733333
4416	7.333333
4417	3.066667
4418	3.800000
4419	3.800000
4420	6.000000
4421	-0.200000
4422	1.266667
4423	2.800000
4424	6.600000
4425	2.200000
4426	1.266667
4427	1.000000
4428	8.933333
4429	4.000000
4430	0.866667
4431	1.600000
4432	0.933333
4433	0.933333
4434	3.533333
4435	0.000000
4436	1.600000
4437	4.666667
4438	4.800000
4439	3.466667
4440	4.066667
4441	1.000000
4442	1.000000
4443	1.000000
4444	1.000000
4445	9.466667
4446	3.666667
4447	4.266667
4448	6.600000
4449	0.200000
4450	0.000000
4451	1.333333
4452	3.666667
4453	0.000000
4454	0.000000
4455	0.000000
4456	6.000000
4457	3.800000
4458	0.000000
4459	4.000000
4460	1.000000
4461	6.733333
4462	1.000000
4463	1.000000
4464	1.666667
4465	1.866667
4466	0.866667
4467	4.200000
4468	0.000000
4469	4.866667
4470	4.866667
4471	6.466667
4472	4.333333
4473	4.333333
4474	8.133333
4475	1.466667
4476	4.200000
4477	4.200000
4478	1.200000
4479	1.800000
4480	1.800000
4481	1.800000
4482	1.800000
4483	1.800000
4484	5.133333
4485	0.000000
4486	0.666667
4487	0.000000
4488	1.866667
4489	6.933333
4490	0.000000
4491	5.066667
4492	0.400000
4493	3.133333
4494	1.800000
4495	1.800000
4496	5.400000
4497	1.000000
4498	1.666667
4499	1.000000
4500	5.000000
4501	4.600000
4502	4.066667
4503	4.733333
4504	4.733333
4505	3.666667
4506	1.666667
4507	1.866667
4508	5.866667
4509	0.266667
4510	0.733333
4511	0.933333
4512	0.533333
4513	0.533333
4514	3.400000
4515	3.400000
4516	3.400000
4517	3.800000
4518	7.400000
4519	6.133333
4520	1.800000
4521	2.733333
4522	6.466667
4523	3.133333
4524	1.466667
4525	1.333333
4526	4.133333
4527	-1.533333
4528	1.466667
4529	0.533333
4530	1.333333
4531	15.800000
4532	0.000000
4533	0.933333
4534	2.800000
4535	3.400000
4536	3.333333
4537	3.800000
4538	5.066667
4539	2.333333
4540	0.933333
4541	7.400000
4542	2.800000
4543	3.333333
4544	5.933333
4545	5.200000
4546	6.200000
4547	1.733333
4548	4.866667
4549	2.400000
4550	3.933333
4551	1.933333
4552	1.933333
4553	3.733333
4554	4.133333
4555	0.866667
4556	0.866667
4557	2.600000
4558	3.000000
4559	1.866667
4560	1.666667
4561	1.866667
4562	-1.200000
4563	1.333333
4564	0.000000
4565	7.733333
4566	1.866667
4567	1.933333
4568	0.800000
4569	2.533333
4570	1.933333
4571	1.533333
4572	0.533333
4573	2.600000
4574	1.800000
4575	0.533333
4576	0.000000
4577	-4.666667
4578	0.133333
4579	-7.133333
4580	1.000000
4581	0.000000
4582	2.666667
4583	5.600000
4584	0.000000
4585	0.000000
4586	1.466667
4587	4.600000
4588	7.666667
4589	5.266667
4590	2.733333
4591	10.400000
4592	1.200000
4593	1.200000
4594	0.000000
4595	0.733333
4596	8.200000
4597	4.800000
4598	5.533333
4599	0.933333
4600	0.000000
4601	6.666667
4602	9.133333
4603	4.866667
4604	5.066667
4605	1.666667
4606	0.000000
4607	0.400000
4608	0.000000
4609	5.533333
4610	0.733333
4611	0.866667
4612	0.000000
4613	0.866667
4614	0.000000
4615	10.066667
4616	0.400000
4617	0.400000
4618	0.000000
4619	1.000000
4620	0.000000
4621	4.133333
4622	2.200000
4623	0.533333
4624	3.666667
4625	0.000000
4626	1.266667
4627	1.266667
4628	1.933333
4629	0.000000
4630	1.933333
4631	0.733333
4632	1.266667
4633	1.266667
4634	1.666667
4635	0.000000
4636	1.533333
4637	1.533333
4638	0.933333
4639	6.400000
4640	0.000000
4641	0.933333
4642	3.466667
4643	1.800000
4644	1.466667
4645	1.466667
4646	2.466667
4647	2.000000
4648	0.000000
4649	0.200000
4650	9.066667
4651	3.600000
4652	4.133333
4653	2.733333
4654	0.000000
4655	7.866667
4656	1.800000
4657	3.600000
4658	3.600000
4659	3.600000
4660	0.000000
4661	2.733333
4662	7.800000
4663	2.000000
4664	1.866667
4665	2.800000
4666	2.800000
4667	0.133333
4668	1.266667
4669	1.266667
4670	5.133333
4671	0.133333
4672	0.133333
4673	0.866667
4674	0.866667
4675	2.133333
4676	1.666667
4677	1.933333
4678	2.133333
4679	2.933333
4680	9.000000
4681	2.000000
4682	2.000000
4683	0.866667
4684	1.133333
4685	4.866667
4686	1.133333
4687	1.133333
4688	0.000000
4689	0.000000
4690	0.000000
4691	0.000000
4692	3.466667
4693	4.333333
4694	4.333333
4695	4.333333
4696	0.000000
4697	0.000000
4698	8.666667
4699	2.666667
4700	4.000000
4701	2.666667
4702	1.800000
4703	1.800000
4704	3.400000
4705	0.266667
4706	0.266667
4707	1.000000
4708	0.266667
4709	3.666667
4710	0.266667
4711	1.200000
4712	1.133333
4713	0.000000
4714	0.000000
4715	1.866667
4716	5.400000
4717	2.066667
4718	0.000000
4719	1.200000
4720	0.866667
4721	6.400000
4722	2.800000
4723	5.800000
4724	5.800000
4725	2.733333
4726	5.800000
4727	4.066667
4728	1.533333
4729	2.266667
4730	2.266667
4731	0.000000
4732	0.200000
4733	0.200000
4734	0.200000
4735	0.000000
4736	4.866667
4737	0.000000
4738	0.000000
4739	0.266667
4740	4.000000
4741	9.133333
4742	3.800000
4743	5.200000
4744	4.800000
4745	1.600000
4746	5.000000
4747	7.800000
4748	1.266667
4749	2.133333
4750	2.133333
4751	2.266667
4752	3.600000
4753	0.266667
4754	0.533333
4755	0.333333
4756	3.866667
4757	4.133333
4758	4.133333
4759	6.200000
4760	1.800000
4761	2.933333
4762	0.000000
4763	3.800000
4764	5.333333
4765	0.733333
4766	1.666667
4767	0.000000
4768	0.000000
4769	0.733333
4770	3.666667
4771	-0.666667
4772	5.600000
4773	7.466667
4774	1.866667
4775	2.800000
4776	1.666667
4777	3.400000
4778	2.800000
4779	0.066667
4780	1.400000
4781	4.733333
4782	6.066667
4783	3.333333
4784	2.933333
4785	2.933333
4786	2.933333
4787	2.933333
4788	1.400000
4789	0.000000
4790	0.466667
4791	0.000000
4792	8.066667
4793	2.333333
4794	1.000000
4795	0.933333
4796	1.800000
4797	1.800000
4798	2.866667
4799	1.800000
4800	1.466667
4801	0.733333
4802	5.666667
4803	3.533333
4804	3.533333
4805	1.200000
4806	2.200000
4807	2.200000
4808	2.000000
4809	1.200000
4810	0.866667
4811	2.466667
4812	0.600000
4813	1.600000
4814	1.600000
4815	4.400000
4816	0.533333
4817	0.533333
4818	0.533333
4819	0.533333
4820	3.600000
4821	0.200000
4822	0.000000
4823	1.333333
4824	0.000000
4825	0.000000
4826	2.000000
4827	4.000000
4828	0.000000
4829	0.800000
4830	0.000000
4831	4.666667
4832	4.666667
4833	1.800000
4834	0.000000
4835	0.933333
4836	-3.600000
4837	1.800000
4838	1.800000
4839	6.066667
4840	2.066667
4841	0.000000
4842	-3.733333
4843	1.000000
4844	1.800000
4845	3.266667
4846	0.733333
4847	0.000000
4848	0.666667
4849	0.666667
4850	0.666667
4851	0.666667
4852	1.133333
4853	6.466667
4854	0.600000
4855	2.600000
4856	0.000000
4857	0.933333
4858	0.800000
4859	4.533333
4860	6.200000
4861	8.866667
4862	4.066667
4863	3.200000
4864	0.466667
4865	1.666667
4866	5.066667
4867	0.400000
4868	8.266667
4869	2.600000
4870	3.200000
4871	1.733333
4872	1.733333
4873	2.533333
4874	2.533333
4875	0.733333
4876	3.133333
4877	4.400000
4878	3.400000
4879	0.000000
4880	6.666667
4881	2.666667
4882	3.333333
4883	2.400000
4884	2.400000
4885	2.400000
4886	2.400000
4887	2.400000
4888	2.400000
4889	0.000000
4890	0.000000
4891	0.000000
4892	1.000000
4893	1.000000
4894	1.000000
4895	5.000000
4896	4.466667
4897	4.000000
4898	2.800000
4899	0.866667
4900	1.533333
4901	1.533333
4902	1.600000
4903	1.266667
4904	4.933333
4905	4.933333
4906	2.466667
4907	0.000000
4908	0.733333
4909	0.000000
4910	0.000000
4911	0.933333
4912	1.466667
4913	4.133333
4914	4.133333
4915	4.133333
4916	2.400000
4917	2.400000
4918	0.000000
4919	0.000000
4920	0.000000
4921	0.000000
4922	-3.466667
4923	0.000000
4924	0.000000
4925	0.000000
4926	0.000000
4927	6.266667
4928	6.266667
4929	1.933333
4930	2.933333
4931	0.000000
4932	2.466667
4933	2.400000
4934	5.466667
4935	2.733333
4936	0.000000
4937	2.866667
4938	6.866667
4939	1.000000
4940	0.933333
4941	5.800000
4942	0.933333
4943	0.933333
4944	0.933333
4945	0.800000
4946	2.000000
4947	0.000000
4948	0.000000
4949	4.800000
4950	0.000000
4951	0.000000
4952	0.000000
4953	3.600000
4954	6.400000
4955	2.866667
4956	7.066667
4957	5.933333
4958	4.666667
4959	3.000000
4960	1.866667
4961	6.000000
4962	4.400000
4963	5.733333
4964	5.400000
4965	4.266667
4966	4.400000
4967	1.533333
4968	0.866667
4969	6.733333
4970	4.266667
4971	1.933333
4972	1.933333
4973	-2.200000
4974	1.066667
4975	2.866667
4976	5.066667
4977	5.133333
4978	0.866667
4979	0.133333
4980	2.066667
4981	4.066667
4982	3.866667
4983	5.066667
4984	4.200000
4985	0.666667
4986	1.133333
4987	4.200000
4988	6.066667
4989	0.000000
4990	1.200000
4991	0.000000
4992	0.400000
4993	2.333333
4994	1.933333
4995	2.533333
4996	0.000000
4997	0.000000
4998	0.066667
4999	2.400000
5000	6.733333
5001	2.800000
5002	6.133333
5003	3.400000
5004	2.800000
5005	0.000000
5006	8.066667
5007	0.333333
5008	0.000000
5009	2.466667
5010	2.133333
5011	1.466667
5012	2.866667
5013	0.000000
5014	0.000000
5015	2.600000
5016	2.600000
5017	2.600000
5018	10.666667
5019	0.933333
5020	2.666667
5021	1.000000
5022	1.600000
5023	1.600000
5024	7.666667
5025	0.533333
5026	0.533333
5027	0.533333
5028	0.000000
5029	0.000000
5030	6.466667
5031	0.333333
5032	1.000000
5033	0.333333
5034	0.333333
5035	1.266667
5036	0.266667
5037	2.600000
5038	4.400000
5039	3.600000
5040	3.600000
5041	4.200000
5042	4.200000
5043	4.333333
5044	7.200000
5045	0.000000
5046	10.000000
5047	0.133333
5048	9.533333
5049	-6.400000
5050	5.600000
5051	2.666667
5052	1.866667
5053	1.866667
5054	1.400000
5055	1.933333
5056	0.000000
5057	4.333333
5058	0.000000
5059	0.866667
5060	1.000000
5061	0.000000
5062	0.000000
5063	1.266667
5064	1.933333
5065	0.000000
5066	7.266667
5067	0.000000
5068	0.533333
5069	4.000000
5070	4.000000
5071	1.000000
5072	0.000000
5073	1.800000
5074	1.800000
5075	1.800000
5076	0.933333
5077	1.600000
5078	1.600000
5079	1.600000
5080	2.600000
5081	0.533333
5082	0.000000
5083	0.200000
5084	1.600000
5085	0.733333
5086	1.666667
5087	5.133333
5088	2.600000
5089	2.600000
5090	1.666667
5091	0.933333
5092	2.733333
5093	4.600000
5094	0.533333
5095	2.266667
5096	2.266667
5097	1.266667
5098	2.733333
5099	2.733333
5100	3.266667
5101	0.800000
5102	1.800000
5103	1.800000
5104	0.800000
5105	0.933333
5106	0.933333
5107	0.866667
5108	0.000000
5109	0.000000
5110	0.000000
5111	6.600000
5112	0.000000
5113	0.000000
5114	1.266667
5115	3.400000
5116	0.600000
5117	0.600000
5118	0.600000
5119	1.800000
5120	1.800000
5121	1.533333
5122	5.400000
5123	2.266667
5124	0.866667
5125	1.400000
5126	0.866667
5127	0.066667
5128	1.133333
5129	0.733333
5130	8.600000
5131	2.600000
5132	7.933333
5133	0.000000
5134	9.333333
5135	10.200000
5136	0.666667
5137	0.333333
5138	0.000000
5139	7.000000
5140	4.533333
5141	5.533333
5142	5.533333
5143	0.466667
5144	6.466667
5145	6.466667
5146	4.600000
5147	0.733333
5148	0.733333
5149	0.066667
5150	0.066667
5151	5.000000
5152	3.200000
5153	4.733333
5154	3.600000
5155	1.266667
5156	2.466667
5157	4.533333
5158	4.266667
5159	0.200000
5160	4.266667
5161	5.400000
5162	4.600000
5163	3.600000
5164	2.200000
5165	1.133333
5166	5.000000
5167	4.266667
5168	1.400000
5169	4.266667
5170	4.266667
5171	3.800000
5172	4.266667
5173	0.733333
5174	1.200000
5175	1.200000
5176	2.666667
5177	0.000000
5178	1.533333
5179	1.066667
5180	-1.000000
5181	0.000000
5182	0.000000
5183	8.000000
5184	0.933333
5185	6.866667
5186	4.066667
5187	7.333333
5188	0.000000
5189	0.000000
5190	3.600000
5191	4.733333
5192	4.733333
5193	4.733333
5194	4.733333
5195	4.733333
5196	1.666667
5197	2.200000
5198	1.666667
5199	8.000000
5200	3.200000
5201	0.333333
5202	0.600000
5203	1.800000
5204	0.000000
5205	0.000000
5206	0.000000
5207	0.000000
5208	0.000000
5209	0.000000
5210	0.000000
5211	1.800000
5212	0.000000
5213	5.333333
5214	0.000000
5215	0.000000
5216	2.800000
5217	1.000000
5218	1.866667
5219	12.200000
5220	1.600000
5221	0.533333
5222	0.533333
5223	1.200000
5224	1.200000
5225	3.000000
5226	2.866667
5227	2.333333
5228	1.933333
5229	2.800000
5230	2.200000
5231	1.400000
5232	5.733333
5233	6.933333
5234	3.000000
5235	1.400000
5236	1.400000
5237	2.666667
5238	0.533333
5239	4.666667
5240	-0.066667
5241	1.000000
5242	1.933333
5243	5.933333
5244	5.933333
5245	2.333333
5246	2.800000
5247	2.733333
5248	2.933333
5249	3.266667
5250	7.133333
5251	5.200000
5252	4.266667
5253	3.933333
5254	3.266667
5255	4.666667
5256	1.200000
5257	0.533333
5258	4.533333
5259	5.733333
5260	1.600000
5261	1.000000
5262	3.600000
5263	-1.666667
5264	5.600000
5265	1.800000
5266	5.933333
5267	3.200000
5268	4.133333
5269	4.133333
5270	5.466667
5271	4.066667
5272	3.200000
5273	5.733333
5274	3.333333
5275	0.666667
5276	3.266667
5277	0.866667
5278	0.000000
5279	10.000000
5280	1.600000
5281	1.600000
5282	1.200000
5283	0.400000
5284	6.866667
5285	5.133333
5286	5.133333
5287	3.600000
5288	6.866667
5289	6.866667
5290	6.866667
5291	5.800000
5292	5.933333
5293	6.866667
5294	6.866667
5295	6.866667
5296	5.933333
5297	6.000000
5298	8.333333
5299	6.600000
5300	6.600000
5301	6.600000
5302	1.800000
5303	5.733333
5304	6.400000
5305	6.200000
5306	6.200000
5307	8.866667
5308	0.066667
5309	4.133333
5310	6.200000
5311	6.200000
5312	6.933333
5313	6.933333
5314	0.000000
5315	0.000000
5316	4.733333
5317	3.866667
5318	5.666667
5319	1.400000
5320	2.200000
5321	2.200000
5322	1.400000
5323	0.733333
5324	0.733333
5325	0.733333
5326	0.000000
5327	0.000000
5328	0.000000
5329	3.066667
5330	1.933333
5331	0.600000
5332	0.000000
5333	3.333333
5334	1.266667
5335	1.266667
5336	0.866667
5337	0.866667
5338	0.000000
5339	0.866667
5340	0.666667
5341	0.000000
5342	3.800000
5343	3.533333
5344	2.600000
5345	2.600000
5346	2.600000
5347	2.600000
5348	0.666667
5349	1.466667
5350	2.333333
5351	3.266667
5352	1.733333
5353	3.333333
5354	2.933333
5355	3.600000
5356	4.733333
5357	0.933333
5358	0.933333
5359	1.733333
5360	0.800000
5361	0.333333
5362	3.933333
5363	3.933333
5364	0.666667
5365	3.933333
5366	3.933333
5367	3.866667
5368	5.466667
5369	0.333333
5370	0.000000
5371	1.600000
5372	4.866667
5373	4.866667
5374	4.866667
5375	0.000000
5376	0.000000
5377	10.800000
5378	7.600000
5379	0.000000
5380	1.200000
5381	0.000000
5382	2.200000
5383	4.666667
5384	4.666667
5385	4.666667
5386	0.000000
5387	0.000000
5388	0.000000
5389	0.866667
5390	4.733333
5391	4.733333
5392	0.866667
5393	4.866667
5394	8.600000
5395	1.600000
5396	1.666667
5397	0.066667
5398	0.066667
5399	0.000000
5400	6.133333
5401	6.133333
5402	4.866667
5403	6.666667
5404	7.533333
5405	0.000000
5406	0.000000
5407	3.066667
5408	5.733333
5409	3.666667
5410	1.733333
5411	5.000000
5412	3.333333
5413	3.333333
5414	3.333333
5415	2.266667
5416	1.000000
5417	5.200000
5418	0.866667
5419	0.866667
5420	0.866667
5421	1.466667
5422	2.400000
5423	1.933333
5424	2.733333
5425	3.800000
5426	2.600000
5427	3.333333
5428	7.133333
5429	7.600000
5430	5.466667
5431	5.333333
5432	1.733333
5433	0.000000
5434	1.000000
5435	1.933333
5436	1.666667
5437	1.733333
5438	7.733333
5439	6.400000
5440	0.933333
5441	4.333333
5442	4.333333
5443	9.066667
5444	5.933333
5445	3.933333
5446	6.200000
5447	2.933333
5448	0.933333
5449	0.933333
5450	0.933333
5451	0.933333
5452	0.800000
5453	1.933333
5454	0.800000
5455	1.333333
5456	3.866667
5457	6.133333
5458	1.000000
5459	1.200000
5460	1.200000
5461	0.666667
5462	6.866667
5463	3.600000
5464	6.200000
5465	4.800000
5466	4.800000
5467	0.400000
5468	0.666667
5469	5.533333
5470	5.533333
5471	5.800000
5472	4.133333
5473	0.000000
5474	2.800000
5475	0.000000
5476	5.866667
5477	1.400000
5478	1.466667
5479	5.266667
5480	4.733333
5481	3.266667
5482	0.000000
5483	0.800000
5484	1.933333
5485	1.933333
5486	0.000000
5487	7.200000
5488	3.000000
5489	5.133333
5490	4.666667
5491	1.000000
5492	3.266667
5493	1.266667
5494	0.800000
5495	3.400000
5496	4.800000
5497	7.200000
5498	0.066667
5499	7.000000
5500	5.600000
5501	1.266667
5502	1.533333
5503	1.533333
5504	2.466667
5505	3.600000
5506	5.333333
5507	5.333333
5508	6.866667
5509	1.800000
5510	2.666667
5511	4.000000
5512	4.000000
5513	1.000000
5514	6.133333
5515	3.600000
5516	0.933333
5517	2.933333
5518	11.200000
5519	1.266667
5520	0.733333
5521	0.000000
5522	0.000000
5523	3.533333
5524	3.066667
5525	3.533333
5526	2.600000
5527	2.600000
5528	4.466667
5529	4.466667
5530	3.600000
5531	1.800000
5532	2.800000
5533	4.600000
5534	1.000000
5535	4.866667
5536	1.000000
5537	3.600000
5538	6.600000
5539	3.333333
5540	2.800000
5541	2.800000
5542	7.266667
5543	2.800000
5544	1.000000
5545	1.000000
5546	6.133333
5547	1.000000
5548	1.466667
5549	3.866667
5550	2.266667
5551	3.600000
5552	1.066667
5553	2.266667
5554	1.066667
5555	1.533333
5556	4.200000
5557	0.200000
5558	0.466667
5559	1.666667
5560	5.666667
5561	1.666667
5562	2.666667
5563	0.866667
5564	0.866667
5565	0.133333
5566	3.933333
5567	3.933333
5568	0.000000
5569	3.133333
5570	3.133333
5571	1.933333
5572	1.933333
5573	5.000000
5574	2.666667
5575	0.000000
5576	1.800000
5577	0.000000
5578	0.866667
5579	0.200000
5580	5.600000
5581	11.066667
5582	1.933333
5583	1.933333
5584	9.266667
5585	1.933333
5586	0.866667
5587	5.666667
5588	0.000000
5589	0.733333
5590	0.733333
5591	1.466667
5592	0.066667
5593	0.000000
5594	5.600000
5595	0.333333
5596	1.533333
5597	1.533333
5598	1.533333
5599	1.000000
5600	6.000000
5601	1.800000
5602	5.066667
5603	2.533333
5604	4.866667
5605	2.533333
5606	2.533333
5607	2.533333
5608	2.533333
5609	5.000000
5610	3.266667
5611	0.333333
5612	0.333333
5613	0.333333
5614	0.333333
5615	0.000000
5616	4.066667
5617	0.266667
5618	0.266667
5619	0.266667
5620	0.000000
5621	0.000000
5622	0.000000
5623	0.000000
5624	0.000000
5625	0.000000
5626	1.000000
5627	1.000000
5628	1.866667
5629	4.733333
5630	5.600000
5631	5.600000
5632	3.133333
5633	2.333333
5634	1.800000
5635	0.000000
5636	5.600000
5637	3.266667
5638	-2.000000
5639	3.133333
5640	2.466667
5641	1.466667
5642	6.066667
5643	1.333333
5644	1.333333
5645	1.000000
5646	4.533333
5647	2.000000
5648	4.333333
5649	4.333333
5650	0.533333
5651	0.533333
5652	0.533333
5653	1.866667
5654	0.933333
5655	0.933333
5656	7.466667
5657	2.466667
5658	2.800000
5659	2.800000
5660	0.533333
5661	5.266667
5662	0.733333
5663	1.333333
5664	4.333333
5665	4.333333
5666	3.933333
5667	0.000000
5668	1.933333
5669	5.866667
5670	4.066667
5671	1.666667
5672	3.000000
5673	0.466667
5674	2.933333
5675	0.000000
5676	2.800000
5677	3.466667
5678	3.466667
5679	4.800000
5680	4.266667
5681	4.800000
5682	1.933333
5683	1.800000
5684	4.466667
5685	3.333333
5686	2.733333
5687	3.600000
5688	7.333333
5689	0.533333
5690	5.133333
5691	2.066667
5692	3.933333
5693	3.600000
5694	4.000000
5695	0.400000
5696	0.333333
5697	4.800000
5698	4.800000
5699	0.333333
5700	2.200000
5701	2.400000
5702	0.933333
5703	3.066667
5704	3.066667
5705	3.466667
5706	3.133333
5707	9.866667
5708	2.266667
5709	3.600000
5710	2.466667
5711	3.266667
5712	0.933333
5713	7.333333
5714	0.266667
5715	6.200000
5716	8.133333
5717	3.733333
5718	6.600000
5719	7.266667
5720	0.933333
5721	1.800000
5722	4.000000
5723	4.000000
5724	0.000000
5725	4.000000
5726	0.133333
5727	0.266667
5728	0.266667
5729	0.266667
5730	4.200000
5731	-2.800000
5732	4.333333
5733	1.466667
5734	5.200000
5735	5.200000
5736	5.200000
5737	5.200000
5738	5.866667
5739	5.866667
5740	0.600000
5741	-1.933333
5742	4.200000
5743	11.600000
5744	4.333333
5745	0.333333
5746	4.466667
5747	4.466667
5748	4.466667
5749	3.600000
5750	2.800000
5751	3.600000
5752	3.600000
5753	5.000000
5754	3.600000
5755	3.600000
5756	3.600000
5757	3.600000
5758	1.666667
5759	0.600000
5760	0.000000
5761	0.000000
5762	6.400000
5763	-0.733333
5764	4.266667
5765	4.266667
5766	5.733333
5767	1.400000
5768	1.400000
5769	1.000000
5770	0.000000
5771	0.000000
5772	0.000000
5773	4.200000
5774	5.000000
5775	5.000000
5776	5.000000
5777	5.000000
5778	2.800000
5779	0.800000
5780	4.466667
5781	1.466667
5782	1.000000
5783	3.933333
5784	0.933333
5785	0.933333
5786	0.933333
5787	0.933333
5788	4.400000
5789	1.200000
5790	0.333333
5791	0.333333
5792	0.733333
5793	0.866667
5794	0.866667
5795	0.866667
5796	0.666667
5797	1.066667
5798	0.000000
5799	0.000000
5800	0.000000
5801	2.600000
5802	3.333333
5803	10.133333
5804	0.000000
5805	1.000000
5806	1.000000
5807	1.000000
5808	0.733333
5809	0.866667
5810	0.866667
5811	1.800000
5812	1.800000
5813	1.666667
5814	0.533333
5815	0.533333
5816	0.533333
5817	1.866667
5818	0.000000
5819	5.866667
5820	3.200000
5821	4.866667
5822	3.200000
5823	4.600000
5824	4.600000
5825	6.000000
5826	1.666667
5827	0.000000
5828	2.266667
5829	1.733333
5830	2.733333
5831	4.133333
5832	0.866667
5833	1.866667
5834	1.866667
5835	0.733333
5836	9.000000
5837	1.133333
5838	0.000000
5839	0.000000
5840	0.066667
5841	4.733333
5842	4.733333
5843	0.066667
5844	0.066667
5845	2.533333
5846	0.666667
5847	8.000000
5848	0.733333
5849	3.400000
5850	0.733333
5851	1.133333
5852	3.200000
5853	3.400000
5854	4.466667
5855	4.333333
5856	1.200000
5857	0.800000
5858	0.000000
5859	0.000000
5860	4.333333
5861	0.000000
5862	4.600000
5863	5.933333
5864	3.533333
5865	2.800000
5866	0.000000
5867	3.466667
5868	3.533333
5869	6.400000
5870	5.400000
5871	5.533333
5872	3.533333
5873	1.933333
5874	1.933333
5875	6.933333
5876	6.666667
5877	3.733333
5878	2.800000
5879	1.800000
5880	1.266667
5881	1.266667
5882	5.600000
5883	5.600000
5884	2.200000
5885	0.466667
5886	0.533333
5887	1.133333
5888	5.133333
5889	2.333333
5890	2.333333
5891	3.333333
5892	1.200000
5893	0.600000
5894	0.466667
5895	0.466667
5896	2.266667
5897	0.466667
5898	1.666667
5899	3.533333
5900	3.000000
5901	0.866667
5902	0.866667
5903	0.866667
5904	1.266667
5905	1.266667
5906	1.600000
5907	1.266667
5908	3.200000
5909	0.600000
5910	0.800000
5911	0.666667
5912	0.666667
5913	0.666667
5914	0.666667
5915	0.666667
5916	0.000000
5917	0.000000
5918	2.800000
5919	1.000000
5920	0.000000
5921	0.000000
5922	4.933333
5923	-5.066667
5924	0.933333
5925	0.000000
5926	0.933333
5927	1.866667
5928	1.866667
5929	0.666667
5930	5.133333
5931	0.666667
5932	0.666667
5933	10.200000
5934	3.333333
5935	3.466667
5936	0.000000
5937	0.000000
5938	5.133333
5939	17.333333
5940	5.066667
5941	2.533333
5942	2.533333
5943	2.600000
5944	1.933333
5945	5.066667
5946	3.733333
5947	4.733333
5948	2.533333
5949	3.800000
5950	3.933333
5951	2.400000
5952	5.266667
5953	0.466667
5954	0.000000
5955	5.000000
5956	4.933333
5957	4.933333
5958	0.400000
5959	0.400000
5960	0.400000
5961	2.533333
5962	2.533333
5963	3.466667
5964	2.600000
5965	0.800000
5966	7.600000
5967	0.600000
5968	0.000000
5969	0.600000
5970	0.600000
5971	0.600000
5972	4.666667
5973	0.533333
5974	3.333333
5975	2.733333
5976	2.733333
5977	3.600000
5978	6.533333
5979	2.333333
5980	6.200000
5981	0.666667
5982	0.666667
5983	0.666667
5984	2.533333
5985	1.000000
5986	1.000000
5987	0.600000
5988	0.000000
5989	0.000000
5990	0.000000
5991	4.466667
5992	6.066667
5993	0.000000
5994	0.000000
5995	0.000000
5996	0.000000
5997	0.000000
5998	0.000000
5999	0.933333
6000	6.266667
6001	0.733333
6002	5.533333
6003	0.600000
6004	0.866667
6005	0.866667
6006	1.933333
6007	0.000000
6008	1.000000
6009	0.600000
6010	0.000000
6011	0.000000
6012	0.000000
6013	0.000000
6014	0.000000
6015	2.200000
6016	2.200000
6017	0.933333
6018	0.000000
6019	0.000000
6020	0.000000
6021	0.000000
6022	0.000000
6023	0.000000
6024	0.000000
6025	6.133333
6026	1.000000
6027	0.000000
6028	3.266667
6029	3.400000
6030	3.866667
6031	3.266667
6032	-0.133333
6033	1.266667
6034	1.333333
6035	3.933333
6036	3.533333
6037	-1.533333
6038	2.333333
6039	5.066667
6040	1.333333
6041	5.133333
6042	0.866667
6043	4.800000
6044	0.866667
6045	2.533333
6046	0.666667
6047	4.133333
6048	4.133333
6049	4.600000
6050	0.400000
6051	10.733333
6052	0.466667
6053	0.466667
6054	0.533333
6055	0.533333
6056	0.466667
6057	0.000000
6058	6.466667
6059	0.000000
6060	0.000000
6061	0.000000
6062	2.933333
6063	0.533333
6064	2.266667
6065	1.800000
6066	1.333333
6067	3.666667
6068	4.466667
6069	7.200000
6070	5.133333
6071	5.133333
6072	0.000000
6073	2.666667
6074	2.333333
6075	2.333333
6076	1.733333
6077	1.733333
6078	2.333333
6079	1.333333
6080	4.933333
6081	1.000000
6082	1.000000
6083	0.533333
6084	0.533333
6085	1.000000
6086	1.000000
6087	0.533333
6088	3.600000
6089	7.866667
6090	0.866667
6091	1.800000
6092	5.000000
6093	0.800000
6094	0.333333
6095	6.600000
6096	1.600000
6097	2.866667
6098	6.800000
6099	0.000000
6100	0.000000
6101	4.466667
6102	4.133333
6103	3.400000
6104	3.400000
6105	3.533333
6106	3.666667
6107	0.933333
6108	0.933333
6109	0.933333
6110	5.333333
6111	0.600000
6112	6.200000
6113	6.666667
6114	3.333333
6115	0.066667
6116	2.200000
6117	2.200000
6118	2.066667
6119	2.066667
6120	4.333333
6121	4.333333
6122	4.333333
6123	3.666667
6124	3.666667
6125	3.666667
6126	2.866667
6127	1.800000
6128	0.466667
6129	1.133333
6130	0.733333
6131	0.733333
6132	1.800000
6133	2.266667
6134	2.266667
6135	1.400000
6136	3.933333
6137	0.133333
6138	0.133333
6139	0.800000
6140	0.000000
6141	-0.200000
6142	-0.933333
6143	1.000000
6144	5.200000
6145	4.733333
6146	4.733333
6147	4.733333
6148	4.733333
6149	0.000000
6150	6.866667
6151	4.333333
6152	5.333333
6153	5.066667
6154	4.733333
6155	4.733333
6156	3.800000
6157	3.800000
6158	0.466667
6159	1.733333
6160	1.000000
6161	0.466667
6162	0.466667
6163	0.466667
6164	0.000000
6165	0.000000
6166	-0.266667
6167	0.733333
6168	0.000000
6169	0.000000
6170	0.000000
6171	0.000000
6172	0.000000
6173	0.000000
6174	0.533333
6175	3.466667
6176	3.466667
6177	3.600000
6178	3.600000
6179	1.733333
6180	3.600000
6181	3.600000
6182	0.333333
6183	0.333333
6184	0.333333
6185	0.133333
6186	0.000000
6187	-0.266667
6188	0.000000
6189	0.933333
6190	1.266667
6191	3.133333
6192	0.866667
6193	-1.200000
6194	0.866667
6195	0.933333
6196	0.933333
6197	0.933333
6198	0.000000
6199	6.066667
6200	6.066667
6201	4.266667
6202	0.000000
6203	7.066667
6204	0.000000
6205	0.000000
6206	0.000000
6207	0.000000
6208	3.733333
6209	2.800000
6210	2.800000
6211	7.866667
6212	3.733333
6213	1.800000
6214	1.933333
6215	3.133333
6216	0.133333
6217	0.200000
6218	0.200000
6219	0.000000
6220	0.000000
6221	0.000000
6222	0.000000
6223	0.000000
6224	0.000000
6225	0.000000
6226	0.000000
6227	6.600000
6228	0.000000
6229	0.000000
6230	0.000000
6231	1.933333
6232	1.933333
6233	1.933333
6234	5.600000
6235	0.800000
6236	0.000000
6237	0.000000
6238	0.000000
6239	0.733333
6240	0.733333
6241	0.000000
6242	0.000000
6243	0.733333
6244	0.000000
6245	0.000000
6246	6.733333
6247	2.066667
6248	1.666667
6249	3.066667
6250	1.666667
6251	1.666667
6252	1.666667
6253	0.000000
6254	0.000000
6255	0.000000
6256	0.000000
6257	0.000000
6258	0.000000
6259	0.000000
6260	0.000000
6261	0.000000
6262	0.000000
6263	0.000000
6264	0.000000
6265	0.000000
6266	6.266667
6267	0.000000
6268	0.000000
6269	0.000000
6270	0.000000
6271	1.733333
6272	0.000000
6273	0.000000
6274	0.000000
6275	1.000000
6276	6.600000
6277	3.600000
6278	4.200000
6279	4.200000
6280	6.666667
6281	6.666667
6282	0.266667
6283	5.866667
6284	0.666667
6285	0.333333
6286	0.333333
6287	0.333333
6288	0.333333
6289	0.333333
6290	0.333333
6291	0.333333
6292	0.333333
6293	3.933333
6294	7.866667
6295	3.933333
6296	5.066667
6297	3.933333
6298	3.933333
6299	3.066667
6300	1.800000
6301	1.800000
6302	1.200000
6303	1.200000
6304	1.200000
6305	6.666667
6306	5.066667
6307	7.000000
6308	0.066667
6309	5.266667
6310	6.400000
6311	0.533333
6312	1.400000
6313	6.733333
6314	6.400000
6315	0.466667
6316	-2.266667
6317	3.533333
6318	0.933333
6319	1.666667
6320	7.400000
6321	3.266667
6322	1.400000
6323	2.000000
6324	4.466667
6325	5.400000
6326	7.600000
6327	6.266667
6328	3.066667
6329	4.600000
6330	6.266667
6331	6.800000
6332	6.466667
6333	5.333333
6334	0.066667
6335	9.933333
6336	1.666667
6337	1.666667
6338	0.666667
6339	0.000000
6340	0.000000
6341	2.533333
6342	4.800000
6343	5.733333
6344	4.266667
6345	2.333333
6346	0.800000
6347	3.800000
6348	3.066667
6349	3.533333
6350	5.066667
6351	5.066667
6352	0.333333
6353	5.933333
6354	4.600000
6355	4.600000
6356	2.866667
6357	2.933333
6358	2.933333
6359	0.666667
6360	0.666667
6361	1.866667
6362	1.000000
6363	-4.600000
6364	3.866667
6365	0.466667
6366	0.933333
6367	0.933333
6368	0.933333
6369	2.333333
6370	2.333333
6371	0.933333
6372	0.000000
6373	6.466667
6374	0.000000
6375	4.866667
6376	4.866667
6377	0.866667
6378	1.866667
6379	1.000000
6380	0.000000
6381	3.933333
6382	3.933333
6383	3.933333
6384	1.933333
6385	4.400000
6386	0.733333
6387	0.733333
6388	0.666667
6389	0.666667
6390	0.800000
6391	0.000000
6392	0.000000
6393	0.400000
6394	1.066667
6395	0.666667
6396	0.666667
6397	2.066667
6398	5.533333
6399	4.133333
6400	2.733333
6401	7.600000
6402	0.000000
6403	0.000000
6404	1.000000
6405	4.266667
6406	0.000000
6407	0.000000
6408	0.933333
6409	0.266667
6410	0.266667
6411	0.000000
6412	0.200000
6413	0.000000
6414	4.400000
6415	3.733333
6416	2.800000
6417	0.000000
6418	5.666667
6419	0.933333
6420	0.933333
6421	0.000000
6422	0.000000
6423	9.266667
6424	2.733333
6425	1.000000
6426	1.000000
6427	1.000000
6428	0.000000
6429	0.266667
6430	0.266667
6431	0.000000
6432	0.000000
6433	0.000000
6434	0.000000
6435	0.000000
6436	7.800000
6437	5.933333
6438	5.133333
6439	3.733333
6440	3.466667
6441	1.666667
6442	1.066667
6443	1.400000
6444	1.400000
6445	1.733333
6446	1.400000
6447	1.666667
6448	1.066667
6449	1.400000
6450	1.400000
6451	1.400000
6452	3.266667
6453	0.000000
6454	6.066667
6455	6.800000
6456	-0.266667
6457	5.000000
6458	6.200000
6459	2.200000
6460	2.200000
6461	2.200000
6462	2.200000
6463	1.866667
6464	0.000000
6465	0.000000
6466	6.333333
6467	0.533333
6468	0.533333
6469	4.466667
6470	2.800000
6471	0.000000
6472	0.000000
6473	0.000000
6474	3.000000
6475	8.000000
6476	0.000000
6477	7.666667
6478	3.866667
6479	3.800000
6480	6.333333
6481	1.533333
6482	1.266667
6483	1.266667
6484	5.533333
6485	1.933333
6486	1.933333
6487	2.733333
6488	3.200000
6489	1.933333
6490	0.666667
6491	0.666667
6492	1.466667
6493	0.800000
6494	0.000000
6495	0.000000
6496	0.000000
6497	0.000000
6498	7.400000
6499	0.000000
6500	0.000000
6501	4.200000
6502	0.333333
6503	0.933333
6504	1.333333
6505	1.733333
6506	0.933333
6507	1.666667
6508	1.866667
6509	4.333333
6510	1.000000
6511	0.000000
6512	0.800000
6513	0.800000
6514	2.466667
6515	0.000000
6516	-11.533333
6517	6.933333
6518	2.133333
6519	7.000000
6520	1.933333
6521	0.000000
6522	2.933333
6523	1.466667
6524	0.000000
6525	0.000000
6526	0.066667
6527	0.000000
6528	0.000000
6529	0.000000
6530	6.733333
6531	0.000000
6532	0.000000
6533	0.000000
6534	4.466667
6535	6.733333
6536	3.666667
6537	2.600000
6538	6.600000
6539	6.000000
6540	1.866667
6541	6.000000
6542	0.666667
6543	0.666667
6544	0.666667
6545	0.000000
6546	1.866667
6547	0.000000
6548	4.266667
6549	4.266667
6550	6.200000
6551	0.533333
6552	0.533333
6553	0.000000
6554	0.000000
6555	1.800000
6556	1.800000
6557	0.000000
6558	0.933333
6559	0.000000
6560	1.000000
6561	4.066667
6562	2.000000
6563	1.000000
6564	0.866667
6565	1.866667
6566	2.266667
6567	2.266667
6568	5.000000
6569	2.866667
6570	2.800000
6571	1.933333
6572	0.866667
6573	0.466667
6574	0.466667
6575	2.266667
6576	1.666667
6577	1.666667
6578	1.666667
6579	3.333333
6580	4.666667
6581	4.666667
6582	5.466667
6583	4.600000
6584	2.600000
6585	4.200000
6586	0.733333
6587	0.800000
6588	1.400000
6589	0.600000
6590	1.066667
6591	2.600000
6592	1.733333
6593	1.466667
6594	0.733333
6595	1.733333
6596	1.733333
6597	0.933333
6598	0.933333
6599	0.333333
6600	0.333333
6601	0.000000
6602	3.066667
6603	0.000000
6604	0.733333
6605	0.000000
6606	4.533333
6607	4.533333
6608	1.800000
6609	1.800000
6610	1.800000
6611	1.800000
6612	1.800000
6613	1.800000
6614	3.533333
6615	0.000000
6616	1.866667
6617	1.533333
6618	2.933333
6619	0.000000
6620	6.933333
6621	0.000000
6622	1.533333
6623	0.000000
6624	3.400000
6625	3.400000
6626	5.600000
6627	2.533333
6628	3.466667
6629	3.466667
6630	3.333333
6631	5.066667
6632	5.066667
6633	4.066667
6634	5.066667
6635	0.466667
6636	0.533333
6637	6.400000
6638	4.533333
6639	1.200000
6640	5.066667
6641	4.533333
6642	2.533333
6643	2.400000
6644	2.866667
6645	3.066667
6646	3.066667
6647	3.666667
6648	2.266667
6649	4.133333
6650	4.200000
6651	-2.933333
6652	1.266667
6653	5.400000
6654	5.400000
6655	5.400000
6656	-0.666667
6657	4.800000
6658	0.933333
6659	2.400000
6660	5.533333
6661	4.000000
6662	5.866667
6663	5.866667
6664	6.533333
6665	2.933333
6666	2.933333
6667	1.666667
6668	5.133333
6669	5.133333
6670	5.000000
6671	2.266667
6672	2.266667
6673	1.800000
6674	5.666667
6675	3.133333
6676	1.800000
6677	6.466667
6678	2.200000
6679	2.000000
6680	-0.066667
6681	1.200000
6682	1.400000
6683	1.933333
6684	0.000000
6685	6.133333
6686	2.800000
6687	1.000000
6688	0.600000
6689	0.066667
6690	4.266667
6691	6.200000
6692	0.000000
6693	0.866667
6694	1.666667
6695	1.066667
6696	1.066667
6697	2.000000
6698	1.066667
6699	1.066667
6700	0.133333
6701	3.866667
6702	4.066667
6703	4.066667
6704	0.000000
6705	4.133333
6706	5.466667
6707	1.933333
6708	1.933333
6709	1.000000
6710	3.333333
6711	3.333333
6712	3.333333
6713	0.666667
6714	6.533333
6715	6.333333
6716	5.600000
6717	0.133333
6718	1.933333
6719	1.933333
6720	3.400000
6721	3.400000
6722	2.600000
6723	6.333333
6724	1.533333
6725	2.266667
6726	5.933333
6727	5.600000
6728	1.933333
6729	5.000000
6730	-0.933333
6731	4.333333
6732	4.200000
6733	4.266667
6734	3.200000
6735	3.200000
6736	1.000000
6737	1.000000
6738	1.000000
6739	1.000000
6740	5.600000
6741	4.933333
6742	0.000000
6743	0.000000
6744	1.733333
6745	5.933333
6746	2.400000
6747	2.666667
6748	2.666667
6749	1.733333
6750	2.266667
6751	1.666667
6752	1.666667
6753	1.933333
6754	7.666667
6755	0.666667
6756	0.933333
6757	0.933333
6758	1.600000
6759	1.000000
6760	-1.866667
6761	4.866667
6762	4.466667
6763	2.600000
6764	3.266667
6765	3.200000
6766	2.466667
6767	0.400000
6768	4.200000
6769	0.400000
6770	1.400000
6771	0.400000
6772	0.400000
6773	1.066667
6774	1.066667
6775	6.133333
6776	0.000000
6777	5.266667
6778	0.000000
6779	4.800000
6780	4.800000
6781	3.000000
6782	4.800000
6783	2.333333
6784	0.000000
6785	0.866667
6786	0.733333
6787	8.000000
6788	0.733333
6789	0.733333
6790	1.133333
6791	1.000000
6792	2.400000
6793	2.400000
6794	0.000000
6795	1.733333
6796	1.933333
6797	1.266667
6798	0.600000
6799	1.200000
6800	1.200000
6801	2.400000
6802	0.000000
6803	3.933333
6804	1.333333
6805	6.400000
6806	0.000000
6807	1.866667
6808	-1.866667
6809	1.800000
6810	5.866667
6811	2.800000
6812	3.333333
6813	1.133333
6814	1.266667
6815	1.200000
6816	1.266667
6817	0.000000
6818	0.933333
6819	1.000000
6820	0.000000
6821	0.000000
6822	0.133333
6823	0.133333
6824	0.000000
6825	0.000000
6826	0.000000
6827	0.000000
6828	0.000000
6829	0.000000
6830	0.000000
6831	4.266667
6832	0.000000
6833	0.000000
6834	0.000000
6835	0.000000
6836	5.200000
6837	5.200000
6838	4.466667
6839	1.733333
6840	5.466667
6841	4.333333
6842	4.066667
6843	4.066667
6844	4.000000
6845	4.000000
6846	4.333333
6847	1.933333
6848	1.933333
6849	1.933333
6850	1.933333
6851	1.533333
6852	1.933333
6853	1.933333
6854	1.933333
6855	1.933333
6856	1.933333
6857	1.933333
6858	1.933333
6859	1.933333
6860	0.866667
6861	0.666667
6862	7.466667
6863	0.000000
6864	1.866667
6865	1.866667
6866	1.000000
6867	0.000000
6868	0.733333
6869	0.466667
6870	4.600000
6871	5.800000
6872	6.600000
6873	0.000000
6874	2.400000
6875	5.533333
6876	2.400000
6877	3.666667
6878	3.666667
6879	3.666667
6880	3.666667
6881	3.666667
6882	3.666667
6883	3.200000
6884	3.200000
6885	3.200000
6886	3.400000
6887	2.666667
6888	1.933333
6889	1.933333
6890	5.600000
6891	1.400000
6892	1.400000
6893	4.533333
6894	2.800000
6895	2.800000
6896	6.400000
6897	0.400000
6898	1.066667
6899	0.000000
6900	0.000000
6901	0.000000
6902	1.000000
6903	1.000000
6904	1.000000
6905	3.000000
6906	6.533333
6907	2.933333
6908	2.933333
6909	5.800000
6910	0.733333
6911	7.333333
6912	2.600000
6913	0.400000
6914	0.400000
6915	0.066667
6916	0.000000
6917	-2.000000
6918	0.000000
6919	0.000000
6920	5.200000
6921	1.600000
6922	1.000000
6923	3.333333
6924	3.333333
6925	6.866667
6926	0.600000
6927	4.200000
6928	4.200000
6929	3.200000
6930	3.200000
6931	2.800000
6932	3.466667
6933	2.800000
6934	2.800000
6935	2.800000
6936	4.333333
6937	4.666667
6938	2.600000
6939	4.866667
6940	2.200000
6941	2.200000
6942	2.800000
6943	2.066667
6944	1.533333
6945	4.533333
6946	1.866667
6947	1.000000
6948	0.000000
6949	5.333333
6950	5.333333
6951	5.533333
6952	2.600000
6953	2.666667
6954	3.533333
6955	4.666667
6956	1.000000
6957	0.466667
6958	0.000000
6959	0.000000
6960	0.000000
6961	3.133333
6962	3.133333
6963	0.000000
6964	0.933333
6965	4.600000
6966	1.333333
6967	3.533333
6968	0.466667
6969	3.933333
6970	3.466667
6971	-0.133333
6972	0.666667
6973	6.933333
6974	0.000000
6975	2.400000
6976	2.400000
6977	2.400000
6978	0.466667
6979	6.666667
